0	0.598744902699158	0.05578097479386	0.253210756132879	-0.0968846727371788	0.994004354444686	0.0506823789261417	0.994539298043615	0.0986702351334339	-0.0339966078546972	-0.0387936184896816	0.0471118673342089	-0.998136026361518
0.005	0.598744902383159	0.0557809763632151	0.25321075480838	-0.0968846641499737	0.99400436314749	0.0506822246581631	0.994539284073857	0.0986702392656167	-0.0339970045316723	-0.0387939980719619	0.0471116750606437	-0.998136020683841
0.01	0.598744900174332	0.0557809873330035	0.253210745550135	-0.0968846384078026	0.994004389236373	0.0506817621972062	0.99453924219474	0.0986702516525184	-0.0339981936805761	-0.0387951359747924	0.0471110986674424	-0.998136003662349
0.015	0.59874489418853	0.0557810170605256	0.253210720460799	-0.0968845955403588	0.994004432681781	0.0506809920576948	0.994539172450152	0.0986702722789878	-0.0340001739783361	-0.0387970309321198	0.0471101387958196	-0.998135975312728
0.02	0.598744882551071	0.0557810748560996	0.253210671682682	-0.0968845355780319	0.994004493453806	0.0506799147539942	0.994539074882193	0.0986703011289649	-0.0340029441018263	-0.0387996816778408	0.0471087960869546	-0.998135935648516
0.025	0.598744863396715	0.0557811699831396	0.253210591397678	-0.0968844585519038	0.994004571522192	0.0506785308004116	0.994538949531179	0.0986703381854885	-0.034006502727867	-0.038803086945802	0.0471070711819916	-0.998135884681104
0.03	0.598744834869649	0.0557813116582348	0.253210471827201	-0.0968843644937489	0.994004666856336	0.050676840711196	0.994538796435659	0.0986703834306972	-0.034010848533226	-0.0388072454698007	0.0471049647220397	-0.998135822419766
0.035	0.598744795123477	0.0557815090512272	0.253210305232118	-0.0968842534360228	0.994004779425288	0.0506748450005388	0.99453861563242	0.0986704368458402	-0.0340159801946177	-0.0388121559835844	0.0471024773481733	-0.998135748871651
0.04	0.598744742321195	0.0557817712852909	0.253210083912683	-0.0968841254118664	0.994004909197758	0.0506725441825745	0.994538407156499	0.0986704984112778	-0.0340218963887044	-0.0388178172208518	0.0470996097014322	-0.998135664041808
0.045	0.598744674635184	0.0557821074370105	0.253209800208469	-0.0968839804550963	0.994005056142111	0.0506699387713803	0.994538171041193	0.0986705681064882	-0.0340285957920958	-0.0388242279152525	0.047096362422822	-0.998135567933195
0.05	0.598744590247188	0.0557825265364593	0.253209446498306	-0.0968838186002037	0.994005220226375	0.0506670292809771	0.994537907318068	0.0986706459100721	-0.0340360770813498	-0.0388313868003875	0.0470927361533142	-0.99813546054669
0.055	0.598744487348301	0.0557830375672783	0.25320901520021	-0.0968836398823494	0.994005401418239	0.0506638162253294	0.99453761601697	0.0986707317997592	-0.0340443389329722	-0.0388392926098093	0.0470887315338463	-0.998135341881102
0.06	0.598744364138951	0.0557836494667545	0.253208498771319	-0.0968834443373603	0.994005599685057	0.0506603001183461	0.994537297166033	0.0986708257524103	-0.0340533800234172	-0.0388479440770221	0.0470843492053222	-0.998135211933183
0.065	0.598744218828884	0.0557843711258998	0.253207889707826	-0.0968832320017261	0.994005814993849	0.0506564814738803	0.994536950791693	0.0986709277440252	-0.0340631990290878	-0.0388573399354819	0.0470795898086127	-0.998135070697644
0.07	0.598744049637147	0.055785211389529	0.253207180544915	-0.0968830029125947	0.994006047311305	0.0506523608057302	0.994536576918693	0.0986710377497451	-0.0340737946263357	-0.0388674789185971	0.0470744539845551	-0.998134918167163
0.075	0.598743854792073	0.055786179056339	0.253206363856689	-0.0968827571077677	0.994006296603783	0.0506479386276392	0.994536175570095	0.0986711557438607	-0.0340851654914614	-0.0388783597597279	0.0470689423739539	-0.998134754332395
0.08	0.598743632531267	0.0557872828789868	0.253205432256111	-0.0968824946256992	0.994006562837315	0.0506432154532963	0.994535746767291	0.0986712816998142	-0.0340973103007148	-0.0388899811921874	0.047063055617581	-0.99813457918199
0.085	0.598743381101588	0.0557885315641685	0.253204378394932	-0.0968822155054898	0.994006845977605	0.0506381917963363	0.994535290530011	0.0986714155902063	-0.0341102277302949	-0.0389023419492411	0.047056794356176	-0.998134392702599
0.09	0.598743098759131	0.0557899337726977	0.253203194963627	-0.0968819197868815	0.994007145990034	0.0506328681703405	0.994534806876332	0.0986715573867998	-0.0341239164563505	-0.0389154407641073	0.047050159230446	-0.998134194878888
0.095	0.598742783769219	0.055791498119584	0.25320187469133	-0.096881607510259	0.994007462839663	0.0506272450888369	0.994534295822693	0.0986717070605254	-0.03413837515498	-0.0389292763699573	0.0470431508810665	-0.998133985693551
0.1	0.598742434406376	0.0557932331741117	0.253200410345763	-0.0968812787166387	0.994007796491229	0.0506213230653004	0.994533757383897	0.0986718645814866	-0.0341536025022314	-0.0389438474999153	0.0470357699486814	-0.998133765127319
0.105	0.598742048954323	0.0557951474599182	0.253198794733175	-0.0968809334476712	0.994008146909153	0.0506151026131535	0.994533191573127	0.0986720299189636	-0.034169597174103	-0.0389591528870588	0.0470280170739029	-0.998133533158975
0.11	0.598741625705953	0.0557972494550726	0.253197020698275	-0.0968805717456358	0.99400851405754	0.0506085842457665	0.994532598401953	0.0986722030414209	-0.0341863578465431	-0.0389751912644187	0.0470198928973123	-0.998133289765364
0.115	0.598741162963318	0.0557995475921546	0.253195081124161	-0.0968801936534331	0.994008897900179	0.0506017684764579	0.994531977880342	0.098672383916508	-0.0342038831954502	-0.0389919613649792	0.0470113980594602	-0.998133034921401
0.12	0.598740659037617	0.0558020502583325	0.253192968932259	-0.0968797992145869	0.994009298400548	0.0505946558184948	0.994531330016668	0.0986725725110682	-0.0342221718966734	-0.0390094619216782	0.0470025332008664	-0.998132768600091
0.125	0.598740112249175	0.0558047657954423	0.253190677082254	-0.096879388473236	0.994009715521813	0.0505872467850931	0.994530654817722	0.0986727687911421	-0.034241222626012	-0.0390276916674072	0.0469932989620204	-0.998132490772533
0.13	0.598739520927428	0.0558077025000658	0.253188198572023	-0.0968789614741321	0.994010149226833	0.0505795418894183	0.994529952288719	0.098672972721972	-0.0342610340592162	-0.0390466493350115	0.0469836959833817	-0.998132201407934
0.135	0.598738883410911	0.0558108686236095	0.253185526437574	-0.0968785182626379	0.994010599478157	0.0505715416445855	0.994529222433314	0.0986731842680063	-0.0342816048719867	-0.0390663336572902	0.0469737249053803	-0.998131900473625
0.14	0.598738198047236	0.0558142723723831	0.25318265375297	-0.0968780588847193	0.994011066238033	0.0505632465636599	0.994528465253605	0.0986734033929071	-0.0343029337399752	-0.0390867433669964	0.0469633863684164	-0.998131587935065
0.145	0.598737463193085	0.0558179219076779	0.253179573630274	-0.0968775833869453	0.994011549468403	0.0505546571596573	0.994527680750145	0.0986736300595528	-0.0343250193387844	-0.0391078771968375	0.0469526810128611	-0.998131263755856
0.15	0.598736677214182	0.0558218253458457	0.253176279219473	-0.0968770918164814	0.994012049130908	0.0505457739455444	0.994526868921952	0.098673864230042	-0.0343478603439676	-0.0391297338794745	0.0469416094790568	-0.998130927897757
0.155	0.598735838485291	0.0558259907583768	0.253172763708417	-0.0968765842210888	0.994012565186891	0.0505365974342391	0.99452602976652	0.098674105865701	-0.0343714554310296	-0.0391523121475231	0.0469301724073172	-0.998130580320692
0.16	0.598734945390187	0.0558304261719793	0.253169020322752	-0.0968760606491192	0.994013097597398	0.0505271281386112	0.994525163279825	0.0986743549270868	-0.0343958032754263	-0.0391756107335529	0.0469183704379275	-0.998130220982766
0.165	0.598733996321652	0.0558351395686571	0.253165042325853	-0.0968755211495089	0.994013646323175	0.0505173665714823	0.994524269456336	0.0986746113739944	-0.0344209025525646	-0.0391996283700881	0.0469062042111452	-0.998129849840265
0.17	0.598732989681449	0.0558401388857886	0.253160823018758	-0.0968749657717802	0.99401421132468	0.0505073132456268	0.994523348289027	0.0986748751654565	-0.0344467519378029	-0.0392243637896069	0.0468936743671998	-0.998129466847685
0.175	0.598731923880312	0.0558454320162055	0.253156355740101	-0.0968743945660329	0.994014792562075	0.0504969686737718	0.994522399769384	0.0986751462597538	-0.0344733501064509	-0.0392498157245422	0.0468807815462937	-0.99812907195773
0.18	0.598730797337932	0.0558510268082709	0.253151633866045	-0.0968738075829421	0.994015389995234	0.0504863333685978	0.994521423887414	0.0986754246144186	-0.0345006957337696	-0.0392759829072814	0.0468675263886017	-0.998128665121326
0.185	0.598729608482934	0.0558569310659584	0.253146650810221	-0.0968732048737575	0.994016003583744	0.050475407842739	0.994520420631658	0.0986757101862354	-0.0345287874949715	-0.0393028640701661	0.0468539095342725	-0.998128246287639
0.19	0.598728355752868	0.0558631525489304	0.253141400023652	-0.0968725864902933	0.9940166332869	0.0504641926087836	0.994519389989194	0.0986760029312516	-0.0345576240652206	-0.0393304579454925	0.0468399316234275	-0.998127815404075
0.195	0.598727037594188	0.0558696989726166	0.253135874994697	-0.096871952484932	0.99401727906372	0.0504526881792745	0.994518331945654	0.0986763028047789	-0.0345872041196324	-0.0393587632655116	0.0468255932961626	-0.998127372416302
0.2	0.598725652462241	0.0558765780082926	0.253130069248978	-0.0968713029106152	0.994017940872935	0.0504408950667093	0.994517246485229	0.0986766097613982	-0.0346175263332738	-0.0393877787624287	0.0468108951925474	-0.998126917268257
0.205	0.598724198821248	0.0558837972831586	0.253123976349315	-0.0968706378208415	0.994018618672995	0.0504288137835412	0.994516133590678	0.0986769237549654	-0.0346485893811634	-0.0394175031684037	0.0467958379526259	-0.998126449902156
0.21	0.59872267514429	0.0558913643804178	0.253117589895662	-0.0968699572696639	0.994019312422072	0.0504164448421788	0.994514993243341	0.0986772447386161	-0.0346803919382713	-0.039447935215551	0.0467804222164172	-0.998125970258505
0.215	0.598721079913288	0.0558992868393552	0.253110903525038	-0.0968692613116853	0.994020022078062	0.0504037887549873	0.994513825423144	0.0986775726647687	-0.0347129326795191	-0.0394790736359398	0.0467646486239153	-0.998125478276118
0.22	0.598719411618994	0.0559075721554159	0.253103910911463	-0.0968685500020552	0.994020747598584	0.0503908460342882	0.994512630108612	0.0986779074851318	-0.0347462102797802	-0.0395109171615937	0.0467485178150893	-0.998124973892119
0.225	0.598717668760971	0.0559162277802837	0.253096605765889	-0.0968678233964648	0.994021488940984	0.0503776171923599	0.994511407276875	0.0986782491507072	-0.0347802234138792	-0.039543464524491	0.0467320304298844	-0.998124457041957
0.23	0.598715849847575	0.0559252611219599	0.253088981836135	-0.0968670815511461	0.994022246062337	0.0503641027414385	0.994510156903683	0.0986785976117941	-0.0348149707565927	-0.0395767144565643	0.0467151871082215	-0.99812392765942
0.235	0.598713953395945	0.0559346795448417	0.253081032906822	-0.0968663245228649	0.994023018919447	0.0503503031937176	0.994508878963406	0.0986789528179957	-0.0348504509826484	-0.039610665689701	0.0466979884899983	-0.998123385676644
0.24	0.598711977931982	0.0559444903698006	0.253072752799306	-0.0968655523689197	0.994023807468851	0.0503362190613494	0.994507573429053	0.0986793147182222	-0.0348866627667258	-0.0396453169557429	0.0466804352150887	-0.998122831024122
0.245	0.598709921990338	0.0559547008742612	0.253064135371608	-0.0968647651471379	0.99402461166682	0.0503218508564444	0.994506240272276	0.0986796832606969	-0.034923604783456	-0.0396806669864863	0.0466625279233438	-0.99812226363072
0.25	0.598707784114394	0.0559653182922799	0.253055174518356	-0.0968639629158696	0.994025431469359	0.0503071990910725	0.99450487946338	0.0986800583929597	-0.0349612757074213	-0.0397167145136819	0.0466442672545921	-0.99812168342368
0.255	0.59870556285625	0.0559763498146231	0.253045864170708	-0.0968631457339881	0.994026266832211	0.0502922642772629	0.994503490971333	0.0986804400618716	-0.0349996742131556	-0.0397534582690349	0.0466256538486398	-0.998121090328643
0.26	0.598703256776706	0.0559878025888459	0.253036198296297	-0.096862313660883	0.99402711771086	0.0502770469270048	0.994502074763775	0.0986808282136216	-0.0350387989751442	-0.0397908969842048	0.0466066883452709	-0.998120484269649
0.265	0.598700864445247	0.0559996837193709	0.253026170899153	-0.0968614667564587	0.994027984060529	0.0502615475522478	0.994500630807026	0.0986812227937292	-0.0350786486678238	-0.0398290293908055	0.0465873713842479	-0.998119865169155
0.27	0.598698384440028	0.0560120002675663	0.253015776019648	-0.0968606050811287	0.994028865836186	0.0502457666649023	0.994499159066099	0.098681623747048	-0.0351192219655825	-0.0398678542204051	0.046567703605312	-0.998119232948043
0.275	0.598695815347856	0.056024759251825	0.253005007734422	-0.0968597286958144	0.99402976299254	0.0502297047768399	0.994497659504703	0.0986820310177748	-0.0351605175427594	-0.039907370204526	0.0465476856481833	-0.998118587525629
0.28	0.598693155764177	0.0560379676476427	0.252993860156318	-0.0968588376619397	0.994030675484049	0.0502133623998936	0.994496132085258	0.09868244454945	-0.0352025340736451	-0.0399475760746446	0.0465273181525614	-0.998117928819682
0.285	0.598690404293057	0.0560516323876968	0.252982327434319	-0.0968579320414282	0.99403160326492	0.0501967400458589	0.994494576768901	0.0986828642849638	-0.0352452702324812	-0.0399884705621917	0.0465066017581255	-0.998117256746424
0.29	0.59868755954717	0.0560657603619248	0.252970403753477	-0.0968570118967	0.994032546289107	0.0501798382264934	0.994492993515496	0.0986832901665599	-0.0352887246934604	-0.0400300523985518	0.0464855371045349	-0.998116571220552
0.295	0.598684620147779	0.0560803584176028	0.252958083334852	-0.0968560772906684	0.994033504510319	0.050162657453518	0.994491382283643	0.0986837221358425	-0.0353328961307266	-0.0400723203150637	0.0464641248314292	-0.998115872155241
0.3	0.59868158472472	0.0560954333594243	0.252945360435442	-0.0968551282867331	0.994034477882015	0.0501451982386166	0.994489743030688	0.0986841601337786	-0.0353777832183744	-0.0401152730430197	0.0464423655784289	-0.998115159462155
0.305	0.59867845191639	0.0561109919495785	0.252932229348115	-0.0968541649487829	0.994035466357413	0.0501274610934372	0.994488075712731	0.0986846041007028	-0.0354233846304496	-0.0401589093136662	0.0464202599851354	-0.998114433051466
0.31	0.598675220369727	0.0561270409078293	0.252918684401548	-0.0968531873411853	0.994036469889486	0.0501094465295918	0.994486380284635	0.0986850539763235	-0.0354696990409484	-0.0402032278582033	0.0463978086911317	-0.998113692831855
0.315	0.598671888740196	0.0561435869115931	0.252904719960157	-0.0968521955287891	0.994037488430966	0.0500911550586572	0.994484656700034	0.0986855096997257	-0.035516725123818	-0.0402482274077846	0.0463750123359826	-0.998112938710529
0.32	0.598668455691773	0.0561606365960182	0.252890330424031	-0.0968511895769162	0.994038521934346	0.0500725871921752	0.994482904911347	0.0986859712093765	-0.0355644615529562	-0.0402939066935175	0.0463518715592347	-0.998112170593231
0.325	0.598664919896929	0.0561781965540628	0.252875510228869	-0.0968501695513602	0.99403957035188	0.0500537434416531	0.99448112486978	0.0986864384431293	-0.0356129070022113	-0.0403402644464625	0.0463283870004176	-0.998111388384247
0.33	0.598661280036616	0.0561962733365739	0.252860253845907	-0.0968491355183836	0.994040633635588	0.0500346243185645	0.99447931652534	0.0986869113382288	-0.035662060145382	-0.0403872993976338	0.0463045592990433	-0.998110591986423
0.335	0.598657534800247	0.0562148734523657	0.252844555781858	-0.0968480875447117	0.994041711737256	0.0500152303343489	0.994477479826844	0.0986873898313148	-0.0357119196562174	-0.0404350102779986	0.0462803890946074	-0.99810978130117
0.34	0.598653682885685	0.0562340033682979	0.252828410578843	-0.0968470256975329	0.994042804608436	0.0499955620004131	0.994475614721923	0.0986878738584271	-0.0357624842084168	-0.0404833958184775	0.0462558770265886	-0.99810895622848
0.345	0.598649722999222	0.0562536695093551	0.252811812814325	-0.096845950044492	0.994043912200449	0.0499756198281308	0.994473721157037	0.0986883633550114	-0.0358137524756297	-0.040532454749944	0.04623102373445	-0.998108116666931
0.35	0.59864565385557	0.0562738782587244	0.252794757101044	-0.0968448606536869	0.99404503446439	0.0499554043288437	0.994471799077481	0.0986888582559204	-0.0358657231314556	-0.0405821858032245	0.0462058298576386	-0.998107262513704
0.355	0.598641474177838	0.0562946359578745	0.252777238086946	-0.0968437575936683	0.994046171351124	0.0499349160138616	0.994469848427393	0.098689358495423	-0.0359183948494439	-0.0406325877090984	0.0461802960355863	-0.998106393664588
0.36	0.598637182697521	0.0563159489066342	0.252759250455125	-0.0968426409334318	0.994047322811291	0.0499141553944626	0.994467869149765	0.0986898640072043	-0.0359717663030937	-0.0406836591982977	0.0461544229077097	-0.998105510013993
0.365	0.598632778154481	0.0563378233632709	0.252740788923747	-0.0968415107424181	0.99404848879531	0.0498931229818944	0.994465861186453	0.0986903747243717	-0.0360258361658541	-0.040735399001507	0.0461282111134111	-0.998104611454964
0.37	0.598628259296936	0.0563602655445692	0.252721848245992	-0.0968403670905087	0.994049669253374	0.0498718192873737	0.994463824478181	0.0986908905794623	-0.0360806031111233	-0.0407878058493633	0.0461016612920782	-0.998103697879186
0.375	0.598623624881437	0.0563832816259094	0.252702423209982	-0.0968392100480198	0.99405086413546	0.0498502448220873	0.994461758964554	0.0986914115044421	-0.0361360658122494	-0.0408408784724561	0.0460747740830851	-0.998102769176998
0.38	0.598618873672859	0.0564068777413463	0.252682508638719	-0.0968380396857023	0.994052073391321	0.0498284000971923	0.994459664584065	0.0986919374307149	-0.0361922229425295	-0.0408946156013271	0.046047550125792	-0.998101825237402
0.385	0.598614004444382	0.0564310599836874	0.252662099390015	-0.0968368560747375	0.994053296970499	0.0498062856238168	0.994457541274105	0.0986924682891245	-0.0362490731752099	-0.0409490159664699	0.0460199900595462	-0.998100865948075
0.39	0.598609015977474	0.0564558344045716	0.252641190356428	-0.0968356592867319	0.994054534822318	0.0497839019130598	0.994455388970973	0.0986930040099595	-0.0363066151834862	-0.0410040782983303	0.0459920945236821	-0.99809989119538
0.395	0.598603907061878	0.056481207014548	0.252619776465194	-0.096834449393717	0.994055786895888	0.0497612494759923	0.994453207609879	0.0986935445229582	-0.0363648476405026	-0.0410598013273058	0.0459638641575215	-0.998098900864374
0.4	0.598598676495594	0.0565071837831542	0.252597852678163	-0.0968332264681415	0.99405705314011	0.0497383288236573	0.994450997124962	0.0986940897573125	-0.0364237692193523	-0.0411161837837455	0.0459352996003744	-0.99809789483882
0.405	0.598593323084866	0.056533770638995	0.252575413991732	-0.0968319905828727	0.994058333503672	0.0497151404670703	0.994448757449289	0.0986946396416734	-0.0364833785930769	-0.0411732243979503	0.0459064014915387	-0.9980968730012
0.41	0.598587845644162	0.0565609734698208	0.252552455436774	-0.09683074181119	0.994059627935056	0.04969168491722	0.99444648851487	0.0986951941041537	-0.0365436744346667	-0.0412309219001721	0.0458771704703013	-0.99809583523272
0.415	0.598582242996161	0.0565887981226064	0.252528972078581	-0.0968294802267828	0.994060936382537	0.0496679626850684	0.994444190252667	0.098695753072334	-0.0366046554170603	-0.0412892750206145	0.0458476071759381	-0.998094781413325
0.42	0.598576513971736	0.0566172504036294	0.25250495901679	-0.0968282059037455	0.994062258794184	0.0496439742815514	0.994441862592598	0.098696316473266	-0.0366663202131444	-0.0413482824894318	0.045817712247714	-0.998093711421708
0.425	0.598570657409942	0.0566463360785489	0.252480411385318	-0.096826918916576	0.994063595117864	0.0496197202175793	0.99443950546355	0.0986968842334777	-0.0367286674957538	-0.0414079430367296	0.0457874863248841	-0.998092625135321
0.43	0.598564672157992	0.0566760608724837	0.252455324352298	-0.096825619340172	0.994064945301242	0.0495952010040373	0.994437118793385	0.0986974562789775	-0.0367916959376711	-0.0414682553925641	0.0457569300466934	-0.998091522430383
0.435	0.598558557071251	0.0567064304700915	0.252429693120013	-0.0968243072498274	0.994066309291784	0.0495704171517857	0.994434702508951	0.0986980325352587	-0.0368554042116268	-0.0415292182869421	0.0457260440523775	-0.998090403181894
0.44	0.598552311013212	0.0567374505156469	0.252403512924826	-0.0968229827212272	0.994067687036758	0.0495453691716604	0.99443225653609	0.0986986129273024	-0.036919790990299	-0.041590830449821	0.0456948289811628	-0.998089267263643
0.445	0.598545932855484	0.0567691266131202	0.252376779037117	-0.0968216458304487	0.994069078483233	0.0495200575744736	0.994429780799643	0.0986991973795851	-0.0369848549463129	-0.0416530906111087	0.0456632854722671	-0.99808811454822
0.45	0.598539421477776	0.0568014643262561	0.252349486761214	-0.0968202966539524	0.994070483578087	0.0494944828710141	0.994427275223465	0.0986997858160791	-0.0370505947522413	-0.0417159975006629	0.0456314141648996	-0.998086944907024
0.455	0.598532775767883	0.0568344691786519	0.252321631435332	-0.0968189352685835	0.994071902268003	0.0494686455720474	0.994424739730429	0.0987003781602601	-0.0371170090806039	-0.0417795498482916	0.0455992156982616	-0.998085758210274
0.46	0.598525994621664	0.0568681466538363	0.252293208431498	-0.0968175617515654	0.994073334499471	0.0494425461883167	0.994422174242436	0.0987009743351108	-0.0371840966038674	-0.0418437463837525	0.0455666907115469	-0.998084554327022
0.465	0.598519076943033	0.0569025021953482	0.252264213155494	-0.0968161761804978	0.994074780218796	0.0494161852305431	0.994419578680423	0.098701574263123	-0.0372518559944452	-0.0419085858367531	0.0455338398439417	-0.998083333125161
0.47	0.59851202164394	0.0569375412068146	0.252234641046784	-0.096814778633354	0.99407623937209	0.049389563209426	0.994416952964373	0.0987021778663051	-0.0373202859246975	-0.0419740669369503	0.0455006637346256	-0.998082094471432
0.475	0.598504827644356	0.0569732690520299	0.252204487578451	-0.0968133691884761	0.994077711905281	0.0493626806356436	0.99441429701332	0.0987027850661839	-0.0373893850669306	-0.0420401884139505	0.0454671630227717	-0.998080838231444
0.48	0.598497493872254	0.0570096910550339	0.252173748257129	-0.0968119479245717	0.994079197764113	0.0493355380198533	0.994411610745363	0.0987033957838115	-0.0374591520933973	-0.0421069489973091	0.0454333383475468	-0.99807956426967
0.485	0.5984900192636	0.0570468125001909	0.252142418622938	-0.096810514920713	0.994080696894144	0.0493081358726921	0.994408894077671	0.0987040099397657	-0.0375295856762963	-0.0421743474165306	0.045399190348112	-0.998078272449474
0.49	0.59848240276233	0.0570846386322677	0.252110494249417	-0.0968090702563307	0.994082209240753	0.0492804747047774	0.99440614692649	0.0987046274541584	-0.0376006844877724	-0.0422423824010684	0.0453647196636231	-0.998076962633105
0.495	0.598474643320339	0.0571231746565126	0.252077970743458	-0.0968076140112111	0.99408373474914	0.0492525550267067	0.994403369207154	0.0987052482466376	-0.0376724471999159	-0.0423110526803245	0.0453299269332307	-0.998075634681716
0.5	0.598466739897463	0.0571624257387336	0.252044843745239	-0.0968061462654952	0.994085273364323	0.049224377349059	0.994400560834095	0.0987058722363922	-0.037744872484763	-0.0423803569836493	0.045294812796081	-0.998074288455377
0.505	0.598458691461463	0.0572023970053775	0.25201110892816	-0.0968046670996729	0.994086825031148	0.0491959421823944	0.994397721720846	0.0987064993421564	-0.0378179590142947	-0.0424502940403416	0.0452593778913156	-0.998072923813075
0.51	0.598450496988011	0.0572430935436078	0.251976761998772	-0.0968031765945807	0.994088389694283	0.0491672500372551	0.994394851780057	0.0987071294822127	-0.0378917054604378	-0.0425208625796483	0.0452236228580727	-0.998071540612733
0.515	0.598442155460672	0.0572845204013837	0.251941798696715	-0.096801674831398	0.994089967298224	0.0491383014241654	0.994391950923494	0.0987077625743986	-0.0379661104950637	-0.0425920613307644	0.0451875483354865	-0.998070138711216
0.52	0.598433665870889	0.0573266825875388	0.251906214794652	-0.0968001618916445	0.994091557787296	0.0491090968536326	0.994389019062056	0.0987083985361091	-0.0380411727899888	-0.0426638890228324	0.0451511549626884	-0.998068717964341
0.525	0.59842502721797	0.0573695850718591	0.251870006098197	-0.0967986378571775	0.994093161105652	0.0490796368361472	0.99438605610578	0.0987090372843007	-0.038116891016974	-0.0427363443849425	0.0451144433788068	-0.99806727822689
0.53	0.598416238509066	0.0574132327851621	0.251833168445857	-0.0967971028101862	0.994094777197278	0.0490499218821831	0.994383061963846	0.0987096787354966	-0.038193263847725	-0.0428094261461325	0.0450774142229679	-0.998065819352617
0.535	0.59840729875916	0.057457630619375	0.251795697708959	-0.0967955568331915	0.994096406005994	0.0490199525021986	0.994380036544591	0.098710322805791	-0.0382702899538913	-0.0428831330353872	0.0450400681342958	-0.998064341194257
0.54	0.598398206991052	0.0575027834276137	0.251757589791586	-0.0967940000090415	0.994098047475454	0.0489897292066365	0.994376979755515	0.0987109694108511	-0.0383479680070668	-0.0429574637816385	0.045002405751913	-0.998062843603543
0.545	0.598388962235338	0.0575486960242608	0.251718840630511	-0.0967924324209066	0.994099701549149	0.0489592525059243	0.994373891503287	0.0987116184659252	-0.0384262966787893	-0.0430324171137652	0.0449644277149406	-0.998061326431205
0.55	0.598379563530398	0.0575953731850447	0.251679446195132	-0.0967908541522788	0.994101368170405	0.0489285229104752	0.994370771693759	0.0987122698858436	-0.0385052746405401	-0.0431079917605926	0.0449261346624991	-0.998059789526988
0.555	0.598370009922382	0.0576428196471177	0.251639402487401	-0.0967892652869684	0.994103047282394	0.0488975409306883	0.994367620231966	0.0987129235850229	-0.0385849005637442	-0.0431841864508929	0.0448875272337081	-0.998058232739662
0.56	0.598360300465189	0.057691040109135	0.251598705541764	-0.0967876659090992	0.994104738828123	0.0488663070769487	0.994364437022143	0.0987135794774732	-0.0386651731197699	-0.043260999913384	0.0448486060676875	-0.998056655917027
0.565	0.598350434220454	0.057740039231333	0.25155735142509	-0.0967860561031062	0.994106442750446	0.0488348218596285	0.994361221967726	0.0987142374767986	-0.0387460909799287	-0.0433384308767306	0.044809371803557	-0.998055058905927
0.57	0.598340410257534	0.0577898216356078	0.251515336236606	-0.0967844359537313	0.994108158992059	0.0488030857890868	0.994357974971366	0.0987148974962034	-0.0388276528154748	-0.0434164780695426	0.0447698250804372	-0.998053441552257
0.575	0.598330227653487	0.0578403919055941	0.251472656107831	-0.0967828055460231	0.994109887495507	0.0487710993756705	0.994354695934932	0.0987155594484955	-0.0389098572976055	-0.0434951402203763	0.0447299665374495	-0.998051803700975
0.58	0.598319885493062	0.0578917545867434	0.25142930720251	-0.0967811649653307	0.99411162820318	0.0487388631297144	0.994351384759523	0.0987162232460919	-0.0389927030974604	-0.0435744160577332	0.0446897968137168	-0.99805014519611
0.585	0.59830938286868	0.0579439141864027	0.251385285716548	-0.0967795142973011	0.994113381057318	0.0487063775615417	0.994348041345475	0.0987168888010199	-0.0390761888861218	-0.0436543043100601	0.0446493165483637	-0.998048465880775
0.59	0.598298718880417	0.0579968751738933	0.251340587877941	-0.0967778536278774	0.994115146000012	0.0486736431814647	0.994344665592369	0.0987175560249248	-0.0391603133346137	-0.0437348037057491	0.0446085263805168	-0.998046765597173
0.595	0.598287892635994	0.058050641980589	0.251295209946714	-0.0967761830432945	0.994116922973206	0.0486406604997851	0.994341257399039	0.0987182248290706	-0.0392450751139026	-0.0438159129731375	0.0445674269493052	-0.998045044186608
0.6	0.598276903250752	0.0581052189999948	0.25124914821485	-0.0967745026300768	0.994118711918698	0.0486074300267941	0.994337816663578	0.0987188951243475	-0.0393304728948965	-0.0438976308405069	0.0445260188938608	-0.998043301489497
0.605	0.598265749847644	0.0581606105878255	0.251202399006228	-0.0967728124750338	0.994120512778142	0.0485739522727734	0.994334343283353	0.0987195668212727	-0.0394165053484451	-0.0439799560360839	0.0444843028533188	-0.998041537345375
0.61	0.598254431557218	0.0582168210620843	0.251154958676554	-0.0967711126652564	0.994122325493046	0.0485402277479952	0.994330837155003	0.0987202398299977	-0.0395031711453394	-0.0440628872880394	0.044442279466818	-0.998039751592909
0.615	0.598242947517595	0.0582738547031413	0.251106823613295	-0.096769403288119	0.994124150004781	0.0485062569627229	0.994327298174458	0.0987209140603085	-0.039590468956312	-0.0441464233244885	0.0443999493735011	-0.998037944069907
0.62	0.598231296874463	0.0583317157538121	0.251057990235614	-0.0967676844312684	0.994125986254576	0.0484720404272112	0.994323726236936	0.0987215894216336	-0.039678397452036	-0.0442305628734903	0.0443573132125149	-0.998036114613325
0.625	0.598219478781052	0.0583904084194364	0.251008454994302	-0.0967659561826275	0.994127834183523	0.0484375786517069	0.99432012123696	0.0987222658230457	-0.0397669553031257	-0.0443153046630479	0.0443143716230113	-0.99803426305928
0.63	0.598207492398125	0.0584499368679564	0.250958214371713	-0.0967642186303868	0.994129693732576	0.0484028721464494	0.994316483068363	0.0987229431732658	-0.0398561411801361	-0.0444006474211078	0.0442711252441469	-0.998032389243056
0.635	0.598195336893956	0.0585103052299955	0.250907264881698	-0.0967624718630065	0.994131564842556	0.0483679214216704	0.994312811624292	0.0987236213806688	-0.0399459537535623	-0.0444865898755602	0.0442275747150839	-0.99803049299912
0.64	0.598183011444322	0.0585715175989369	0.250855603069535	-0.0967607159692101	0.994133447454148	0.0483327269875952	0.994309106797223	0.0987243003532868	-0.04003639169384	-0.0445731307542385	0.0441837206749902	-0.998028574161121
0.645	0.598170515232479	0.0586335780310022	0.25080322551187	-0.0967589510379812	0.994135341507907	0.0482972893544427	0.994305368478964	0.0987249799988117	-0.0401274536713447	-0.0446602687849192	0.0441395637630398	-0.998026632561911
0.65	0.598157847449152	0.0586964905453297	0.250750128816642	-0.096757177158562	0.994137246944258	0.0482616090324259	0.994301596560664	0.0987256602246005	-0.0402191383563921	-0.0447480026953216	0.0440951046184135	-0.998024668033546
0.655	0.598145007292516	0.0587602591240532	0.250696309623024	-0.0967553944204496	0.994139163703495	0.0482256865317521	0.994297790932823	0.0987263409376795	-0.0403114444192373	-0.0448363312131079	0.0440503438802986	-0.998022680407303
0.66	0.59813199396818	0.0588248877123806	0.250641764601353	-0.096753602913392	0.994141091725787	0.0481895223626238	0.994293951485296	0.0987270220447487	-0.040404370530075	-0.0449252530658826	0.0440052821878898	-0.998020669513679
0.665	0.598118806689177	0.0588903802186723	0.250586490453062	-0.0967518027273873	0.994143030951176	0.0481531170352387	0.994290078107305	0.0987277034521841	-0.0404979153590392	-0.0450147669811928	0.0439599201803895	-0.998018635182411
0.67	0.598105444675938	0.0589567405145198	0.25053048391062	-0.0967499939526784	0.994144981319581	0.0481164710597905	0.994286170687443	0.0987283850660428	-0.0405920775762031	-0.0451048716865275	0.0439142584970079	-0.998016577242483
0.675	0.598091907156285	0.0590239724348245	0.250473741737458	-0.0967481766797502	0.994146942770796	0.0480795849464687	0.994282229113686	0.0987290667920671	-0.0406868558515788	-0.0451955659093179	0.0438682977769637	-0.998014495522129
0.68	0.598078193365412	0.0590920797778759	0.25041626072791	-0.0967463509993285	0.994148915244495	0.0480424592054599	0.994278253273398	0.0987297485356882	-0.0407822488551169	-0.0452868483769366	0.043822038659484	-0.998012389848849
0.685	0.598064302545869	0.0591610663054304	0.25035803770714	-0.0967445170023751	0.994150898680235	0.0480050943469474	0.994274243053339	0.0987304302020293	-0.0408782552567069	-0.0453787178166983	0.0437754817838053	-0.998010260049419
0.69	0.598050233947544	0.0592309357427898	0.25029906953108	-0.0967426747800846	0.99415289301745	0.0479674908811121	0.994270198339673	0.0987311116959121	-0.0409748737261765	-0.0454711729558588	0.0437286277891733	-0.998008105949894
0.695	0.598035986827653	0.0593016917788798	0.250239353086364	-0.0967408244238825	0.994154898195461	0.0479296493181328	0.994266119017978	0.0987317929218572	-0.0410721029332915	-0.045564212521615	0.0436814773148434	-0.998005927375623
0.7	0.598021560450718	0.0593733380663288	0.250178885290258	-0.096738966025423	0.994156914153474	0.0478915701681865	0.994262004973251	0.0987324737840909	-0.0411699415477558	-0.0456578352411052	0.0436340310000813	-0.998003724151258
0.705	0.598006954088555	0.0594458782215463	0.250117663090597	-0.0967370996765826	0.994158940830579	0.0478532539414491	0.994257856089915	0.0987331541865477	-0.041268388239211	-0.0457520398414083	0.043586289484163	-0.998001496100759
0.71	0.597992167020258	0.0595193158248012	0.250055683465717	-0.0967352254694611	0.994160978165755	0.0478147011480954	0.99425367225183	0.0987338340328754	-0.0413674416772366	-0.045846825049544	0.0435382534063754	-0.997999243047408
0.715	0.59797719853218	0.059593654420301	0.249992943424389	-0.0967333434963751	0.994163026097872	0.0477759122982999	0.9942494533423	0.0987345132264362	-0.0414671005313492	-0.0459421895924724	0.0434899234060166	-0.997996964813816
0.72	0.597962047917922	0.0596688975162697	0.249929440005756	-0.096731453849858	0.994165084565688	0.047736887902237	0.994245199244078	0.0987351916703152	-0.0415673634710028	-0.0460381321970939	0.0434413001223962	-0.997994661221932
0.725	0.597946714478312	0.059745048585027	0.249865170279259	-0.0967295566226558	0.994167153507857	0.0476976284700815	0.994240909839376	0.0987358692673198	-0.0416682291655885	-0.0461346515902493	0.0433923841948358	-0.997992332093055
0.73	0.597931197521393	0.0598221110630661	0.249800131344578	-0.0967276519077227	0.994169232862923	0.0476581345120089	0.994236585009874	0.0987365459199862	-0.0417696962844342	-0.0462317464987191	0.0433431762626689	-0.997989977247839
0.735	0.597915496362407	0.0599000883511332	0.249734320331564	-0.0967257397982209	0.994171322569329	0.047618406538196	0.994232224636724	0.0987372215305824	-0.0418717634968046	-0.0463294156492236	0.043293676965242	-0.997987596506305
0.74	0.597899610323776	0.0599789838143051	0.249667734400169	-0.0967238203875149	0.994173422565414	0.0475784450588211	0.994227828600559	0.0987378960011123	-0.0419744294719009	-0.0464276577684228	0.0432438869419142	-0.99798518968785
0.745	0.59788353873509	0.0600588007820685	0.249600370740384	-0.096721893769171	0.994175532789412	0.0475382505840646	0.994223396781503	0.098738569233319	-0.0420776928788607	-0.0465264715829161	0.043193806832058	-0.997982756611255
0.75	0.597867280933089	0.0601395425483983	0.249532226572173	-0.0967199600369522	0.994177653179463	0.0474978236241091	0.994218929059176	0.0987392411286896	-0.0421815523867577	-0.0466258558192422	0.0431434372750596	-0.997980297094696
0.755	0.597850836261647	0.060221212371836	0.2494632991454	-0.0967180192848165	0.994179783673602	0.0474571646891403	0.994214425312701	0.098739911588459	-0.0422860066646017	-0.0467258092038789	0.043092778910319	-0.997977810955749
0.76	0.597834204071758	0.0603038134755687	0.249393585739773	-0.0967160716069149	0.994181924209771	0.0474162742893469	0.994209885420716	0.0987405805136119	-0.0423910543813384	-0.0468263304632428	0.0430418323772507	-0.997975298011407
0.765	0.597817383721518	0.0603873490475071	0.249323083664767	-0.0967141170975852	0.994184074725816	0.0473751529349213	0.994205309261376	0.0987412478048888	-0.0424966942058489	-0.0469274183236894	0.0429905983152837	-0.997972758078079
0.77	0.597800374576112	0.0604718222403646	0.249251790259568	-0.0967121558513524	0.994186235159487	0.0473338011360598	0.994200696712363	0.0987419133627896	-0.04260292480695	-0.0470290715115127	0.0429390773638619	-0.997970190971607
0.775	0.597783176007794	0.0605572361717355	0.249179702892997	-0.0967101879629251	0.994188405448443	0.0472922194029633	0.994196047650896	0.0987425770875756	-0.0427097448533939	-0.0471312887529452	0.0428872701624448	-0.997967596507271
0.78	0.597765787395874	0.0606435939241737	0.249106818963452	-0.0967082135271908	0.99419058553025	0.0472504082458375	0.994191361953732	0.0987432388792753	-0.0428171530138678	-0.0472340687741575	0.0428351773505075	-0.997964974499801
0.785	0.597748208126704	0.0607308985452713	0.249033135898835	-0.0967062326392147	0.994192775342385	0.047208368174893	0.994186639497182	0.0987438986376867	-0.0429251479569939	-0.0473374103012585	0.0427827995675409	-0.997962324763382
0.79	0.597730437593657	0.0608191530477371	0.248958651156491	-0.0967042453942366	0.994194974822237	0.0471660997003465	0.994181880157112	0.0987445562623828	-0.0430337283513293	-0.0474413120602949	0.0427301374530524	-0.997959647111667
0.795	0.597712475197117	0.0609083604094752	0.248883362223138	-0.0967022518876668	0.994197183907108	0.0471236033324202	0.99417708380895	0.0987452116527139	-0.0431428928653658	-0.0475457727772511	0.042677191646566	-0.997956941357781
0.8	0.597694320344458	0.0609985235736636	0.248807266614803	-0.0967002522150855	0.994199402534213	0.047080879581343	0.994172250327701	0.0987458647078111	-0.0432526401675296	-0.0476507911780493	0.0426239627876228	-0.997954207314337
0.805	0.597675972450031	0.0610896454488326	0.248730361876752	-0.0966982464722375	0.994201630640685	0.0470379289573505	0.994167379587946	0.0987465153265917	-0.0433629689261813	-0.0477563659885489	0.0425704515157812	-0.997951444793438
0.81	0.597657430935148	0.0611817289089438	0.248652645583432	-0.0966962347550311	0.994203868163575	0.0469947519706855	0.994162471463853	0.0987471634077612	-0.0434738778096157	-0.047862495934547	0.0425166584706173	-0.997948653606692
0.815	0.597638695228066	0.0612747767934678	0.248574115338393	-0.096694217159534	0.994206115039848	0.0469513491315982	0.994157525829185	0.0987478088498193	-0.0435853654860616	-0.0479691797417774	0.042462584291725	-0.997945833565214
0.82	0.597619764763971	0.061368791907464	0.248494768774231	-0.0966921937819711	0.994208371206396	0.046907720950347	0.994152542557306	0.0987484515510599	-0.0436974306236818	-0.0480764161359111	0.0424082296187168	-0.997942984479641
0.825	0.597600638984962	0.0614637770216579	0.248414603552519	-0.0966901647187219	0.994210636600027	0.0468638679371985	0.99414752152119	0.098749091409579	-0.0438100718905726	-0.048184203842556	0.0423535950912237	-0.997940106160138
0.83	0.597581317340035	0.0615597348725206	0.248333617363739	-0.0966881300663165	0.994212911157476	0.0468197906024279	0.994142462593426	0.0987497283232754	-0.0439232879547642	-0.0482925415872566	0.0422986813488957	-0.997937198416407
0.835	0.597561799285069	0.061656668162347	0.248251807927216	-0.096686089921435	0.994215194815401	0.0467754894563196	0.994137365646228	0.0987503621898564	-0.0440370774842198	-0.0484014280954939	0.042243489031402	-0.997934261057697
0.84	0.597542084282806	0.0617545795593341	0.248169172991056	-0.0966840443809012	0.994217487510386	0.0467309650091676	0.994132230551437	0.0987509929068403	-0.0441514391468364	-0.0485108620926855	0.0421880187784316	-0.997931293892809
0.845	0.597522171802841	0.0618534716976603	0.248085710332072	-0.0966819935416838	0.994219789178942	0.0466862177712756	0.994127057180539	0.098751620371559	-0.0442663716104437	-0.048620842304185	0.0421322712296933	-0.997928296730112
0.85	0.597502061321602	0.0619533471775631	0.248001417755726	-0.0966799375008893	0.994222099757509	0.0466412482529575	0.994121845404658	0.0987522444811664	-0.0443818735428047	-0.0487313674552823	0.0420762470249161	-0.997925269377541
0.855	0.597481752322333	0.0620542085654183	0.247916293096054	-0.0966778763557634	0.994224419182459	0.0465960569645379	0.994116595094576	0.0987528651326348	-0.044497943611615	-0.0488424362712033	0.0420199468038499	-0.997922211642619
0.86	0.597461244295085	0.0621560583938184	0.24783033421561	-0.0966758102036858	0.994226747390093	0.0465506444163524	0.994111306120733	0.0987534822227649	-0.0446145804845031	-0.0489540474771095	0.041963371206265	-0.997919123332454
