0	0.593895796877881	0.196084760393114	0.345823448796313	-0.911157464088433	0.407221761059091	-0.0629484944686554	0.407323386172798	0.91320785090866	0.0117932232876897	0.0622875165074325	-0.0148949104972123	-0.997947096257421
0.005	0.593895797253147	0.196084759713525	0.345823444344855	-0.911157463148867	0.407221762727902	-0.0629484972727831	0.407323387676729	0.913207850194282	0.0117932266615574	0.0622875204168079	-0.0148949086710251	-0.997947096040671
0.01	0.593895799874379	0.196084754966599	0.345823413251452	-0.911157456586009	0.407221774384538	-0.0629485168595992	0.407323398181683	0.913207845204358	0.0117932502280044	0.0622875477237735	-0.014894895915118	-0.997947094526678
0.015	0.593895806972076	0.196084742113008	0.345823329057622	-0.911157438815287	0.407221805948047	-0.062948569896219	0.407323426626693	0.91320783169278	0.011793314040558	0.0622876216647961	-0.0148948613750386	-0.997947090427124
0.02	0.593895820759903	0.19608471714391	0.345823165504572	-0.911157404294264	0.407221867262616	-0.0629486729239621	0.407323481883319	0.913207805445484	0.0117934380014006	0.0622877653009732	-0.014894794278261	-0.997947082463403
0.025	0.593895843434733	0.196084676080873	0.345822896532698	-0.911157347522527	0.407221968097766	-0.062948842358662	0.407323572755798	0.913207762280352	0.0117936418617533	0.0622880015184758	-0.0148946839339859	-0.997947069366578
0.03	0.593895877176691	0.196084614975796	0.345822496281077	-0.911157263041556	0.407222118148545	-0.0629490944909743	0.407323707981204	0.913207698047129	0.0117939452222627	0.0622883530289916	-0.0148945197329439	-0.997947049877327
0.035	0.593895924149193	0.196084529910834	0.345821939086972	-0.911157145434602	0.40722232703572	-0.0629494454866815	0.407323896229588	0.913207608627324	0.0117943675333872	0.062288842370169	-0.0148942911471995	-0.9979470227459
0.04	0.593895986498991	0.196084416998322	0.345821199485326	-0.911156989326555	0.407222604305973	-0.062949911386997	0.407324146104125	0.913207489934112	0.011794928095786	0.062289491906062	-0.0148939877299593	-0.997946986732054
0.045	0.593896066356214	0.196084272380698	0.345820252208262	-0.911156789383804	0.407222959432096	-0.0629505081088656	0.40732446614125	0.913207337912238	0.0117956460607093	0.0622903238275755	-0.0148935991153805	-0.997946940604984
0.05	0.593896165834411	0.196084092230426	0.34581907218458	-0.911156540314105	0.407223401813191	-0.062951251445263	0.407324864810795	0.913207148537911	0.0117965404303895	0.0622913601529118	-0.0148931150183829	-0.997946883143261
0.055	0.593896287030592	0.196083872749919	0.345817634539257	-0.911156236866428	0.407223940774867	-0.0629521570654927	0.407325350516114	0.913206917818699	0.011797630058434	0.0622926227280168	-0.0148925252344623	-0.997946813134751
0.06	0.593896432025274	0.196083610171463	0.345815914592945	-0.911155873830816	0.40722458556944	-0.0629532405154811	0.407325931594215	0.913206641793424	0.0117989336502192	0.062294133227028	-0.0148918196395058	-0.997946729376532
0.065	0.593896602882516	0.196083300757141	0.345813887861467	-0.911155446038231	0.407225345376135	-0.0629545172180706	0.407326616315876	0.913206316532045	0.0118004697632856	0.062295913152722	-0.0148909881896091	-0.99794663067481
0.07	0.593896801649971	0.196082940798755	0.345811530055318	-0.911154948360398	0.407226229301283	-0.0629560024733115	0.407327412885765	0.913205938135552	0.0118022568077346	0.0622979838369637	-0.0148900209208962	-0.997946515844824
0.075	0.59389703035892	0.196082526617751	0.345808817079162	-0.911154375709647	0.407227246378531	-0.0629577114587511	0.407328329442554	0.913205502735849	0.0118043130466255	0.0623003664411548	-0.0148889079493401	-0.997946383710756
0.08	0.593897291024318	0.196082054565141	0.345805725031331	-0.911153723038751	0.40722840556904	-0.0629596592297217	0.407329374059033	0.913205006495634	0.0118066565963749	0.0623030819566839	-0.0148876394705856	-0.997946233105619
0.085	0.593897585644836	0.196081521021428	0.345802230203321	-0.911152985340759	0.407229715761689	-0.0629618607196274	0.40733055474221	0.913204445608283	0.0118093054271558	0.062306151205377	-0.0148862057597738	-0.997946062871161
0.09	0.593897916202903	0.196080922396526	0.345798309079293	-0.91115215764883	0.407231185773288	-0.0629643307402281	0.407331879433423	0.913203816297725	0.0118122773632991	0.0623095948399477	-0.0148845971713683	-0.997945871857752
0.095	0.593898284664749	0.196080255129687	0.345793938335572	-0.911151235036059	0.407232824348774	-0.0629670839819228	0.407333356008433	0.91320311481832	0.0118155900836948	0.062313433344449	-0.0148828041389831	-0.997945658924267
0.1	0.593898692980445	0.196079515689425	0.345789094840142	-0.911150212615301	0.407234640161425	-0.0629701350140313	0.407334992277527	0.913202337454735	0.0118192611221953	0.0623176870347248	-0.0148808171752112	-0.997945422937968
0.105	0.593899143083949	0.196078700573436	0.345783755652144	-0.911149085539	0.407236641813068	-0.0629734982850746	0.407336795985611	0.913201480521815	0.0118233078680192	0.0623223760588623	-0.0148786268714559	-0.997945162774387
0.11	0.593899636893145	0.196077806308521	0.34577789802138	-0.911147848998996	0.407238837834282	-0.0629771881230532	0.407338774812298	0.913200540364452	0.0118277475661555	0.0623275203976444	-0.0148762238977624	-0.997944877317192
0.115	0.593900176309887	0.196076829450515	0.345771499387804	-0.911146498226355	0.407241236684614	-0.0629812187357248	0.407340936372004	0.913199513357456	0.0118325973177698	0.062333139865003	-0.0148735990026516	-0.997944565458061
0.12	0.593900763220041	0.196075766584205	0.345764537381025	-0.911145028491176	0.407243846752785	-0.0629856042108805	0.407343288214026	0.913198395905422	0.01183787408061	0.0623392541084726	-0.0148707430129549	-0.997944226096551
0.125	0.593901399493525	0.196074614323256	0.345756989819805	-0.911143435102401	0.407246676356903	-0.0629903585166196	0.407345837822631	0.913197184442597	0.011843594669414	0.0623458826096439	-0.0148676468336499	-0.997943858139953
0.13	0.593902086984357	0.196073369310131	0.345748834711554	-0.911141713407634	0.407249733744672	-0.0629954955016233	0.407348592617133	0.913195875432739	0.0118497757563175	0.0623530446846184	-0.0148643014476978	-0.997943460503164
0.135	0.593902827530692	0.19607202821602	0.345740050251832	-0.911139858792936	0.407253027093607	-0.0630010288954274	0.407351559951978	0.913194465368985	0.0118564338712627	0.0623607594844628	-0.0148606979158819	-0.997943032108534
0.14	0.593903622954866	0.196070587740759	0.345730614823845	-0.911137866682639	0.407256564511245	-0.0630069723086939	0.407354747116811	0.913192950773712	0.0118635854024077	0.062369045995664	-0.0148568273766469	-0.997942571885723
0.145	0.593904475063437	0.196069044612756	0.345720506997944	-0.911135732539144	0.407260354035358	-0.0630133392334809	0.407358161336558	0.913191328198392	0.0118712465965364	0.0623779230405847	-0.0148526810459396	-0.997942078771554
0.15	0.593905385647231	0.196067395588912	0.345709705531125	-0.911133451862724	0.407264403634167	-0.0630201430435127	0.407361809771495	0.913189594223455	0.0118794335594695	0.0623874092779185	-0.0148482502170505	-0.99794155170986
0.155	0.593906356481381	0.196065637454546	0.345698189366522	-0.911131020191323	0.407268721206557	-0.0630273969944478	0.407365699517317	0.913187745458146	0.0118881622564757	0.0623975232031462	-0.0148435262604562	-0.997940989651327
0.16	0.59390738932537	0.196063767023317	0.345685937632912	-0.911128433100352	0.407273314582293	-0.0630351142241468	0.407369837605208	0.913185778540377	0.0118974485126836	0.0624082831489919	-0.0148385006236629	-0.997940391553342
0.165	0.593908485923074	0.19606178113715	0.345672929644208	-0.911125686202486	0.407278191522231	-0.0630433077529391	0.407374231001908	0.913183690136588	0.011907308013494	0.0624197072858795	-0.0148331648310511	-0.997939756379833
0.17	0.593909648002802	0.196059676666158	0.345659144898962	-0.911122775147455	0.407283359718537	-0.0630519904838885	0.407378886609774	0.913181476941597	0.0119177563049932	0.0624318136223892	-0.0148275104837201	-0.997939083101105
0.175	0.593910877277343	0.196057450508563	0.345644563079857	-0.911119695621843	0.407288826794905	-0.0630611752030585	0.407383811266848	0.913179135678452	0.011928808794366	0.0624446200057144	-0.0148215292593345	-0.997938370693681
0.18	0.593912175444004	0.196055099590624	0.345629164053212	-0.911116443348869	0.407294600306766	-0.0630708745797767	0.407389011746914	0.913176663098288	0.01194048075031	0.0624581441221193	-0.0148152129119707	-0.997937618140129
0.185	0.593913544184652	0.196052620866556	0.345612927868475	-0.911113014088187	0.407300687741516	-0.0630811011668987	0.407394494759562	0.913174055980173	0.0119527873034497	0.0624724034973956	-0.0148085532719644	-0.997936824428907
0.19	0.593914985165762	0.196050011318458	0.345595834757725	-0.911109403635664	0.407307096518721	-0.0630918674010705	0.407400266950244	0.91317131113096	0.0119657434467514	0.0624874154973204	-0.0148015422457584	-0.997935988554182
0.195	0.593916500038451	0.196047267956231	0.345577865135168	-0.911105607823177	0.407313833990345	-0.0631031856029915	0.407406334900333	0.913168425385138	0.0119793640359381	0.0625031973281139	-0.0147941718157517	-0.997935109515668
0.2	0.593918090438527	0.196044387817506	0.345558999596636	-0.911101622518392	0.407320907440961	-0.0631150679776765	0.407412705127179	0.913165395604678	0.011993663789905	0.062519766036897	-0.0147864340401484	-0.997934186318451
0.205	0.593919757986529	0.196041367967565	0.345539218919086	-0.911097443624552	0.407328324087972	-0.0631275266147161	0.407419384084164	0.913162218678885	0.0120086572911354	0.0625371385121496	-0.0147783210528075	-0.997933217972813
0.21	0.593921504287769	0.196038205499266	0.345518504060095	-0.91109306708026	0.407336091081829	-0.0631405734885387	0.407426378160756	0.913158891524242	0.0120243589861164	0.0625553314841682	-0.0147698250630935	-0.997932203494062
0.215	0.593923330932373	0.196034897532963	0.345496836157364	-0.911088488859263	0.40734421550625	-0.0631542204586698	0.407433693682564	0.913155411084256	0.0120407831857556	0.0625743615255248	-0.0147609383557267	-0.997931141902352
0.22	0.593925239495326	0.196031441216435	0.345474196528211	-0.911083704970235	0.407352704378438	-0.063168479269993	0.407441336911389	0.913151774329309	0.0120579440657974	0.0625942450515248	-0.0147516532906348	-0.997930032222512
0.225	0.593927231536514	0.196027833724804	0.345450566669072	-0.911078711456555	0.407361564649299	-0.0631833615530084	0.407449314045276	0.913147978256503	0.0120758556672397	0.0626149983206651	-0.0147419623028039	-0.99792887348386
0.23	0.593929308600763	0.196024072260461	0.345425928254999	-0.911073504396094	0.407370803203663	-0.0631988788240929	0.407457631218565	0.913144019889499	0.0120945318967508	0.0626366374350933	-0.0147318579021309	-0.997927664720032
0.235	0.593931472217886	0.196020154052991	0.345400263139157	-0.911068079900991	0.407380426860503	-0.0632150424857587	0.407466294501943	0.913139896278373	0.0121139865270868	0.0626591783410656	-0.0147213326732755	-0.997926404968797
0.24	0.593933723902721	0.19601607635909	0.345373553352324	-0.911062434117433	0.407390442373153	-0.0632318638269114	0.407475309902491	0.913135604499451	0.0121342331975083	0.0626826368294056	-0.0147103792755124	-0.997925093271877
0.245	0.593936065155177	0.196011836462499	0.345345781102387	-0.911056563225438	0.407400856429529	-0.0632493540231094	0.407484683363737	0.913131141655159	0.0121552854141978	0.0627070285359628	-0.0146989904425843	-0.997923728674772
0.25	0.593938497460274	0.196007431673916	0.345316928773844	-0.91105046343863	0.407411675652349	-0.0632675241368214	0.407494420765701	0.913126504873868	0.0121771565506773	0.0627323689420713	-0.0146871589825547	-0.997922310226572
0.255	0.593941022288185	0.196002859330927	0.345286978927298	-0.911044131004023	0.407422906599349	-0.0632863851176846	0.407504527924948	0.913121691309734	0.0121998598482257	0.0627586733750081	-0.0146748777776609	-0.997920836979778
0.26	0.593943641094279	0.195998116797926	0.345255914298957	-0.911037562201795	0.407434555763506	-0.0633059478027626	0.407515010594634	0.913116698142545	0.0122234084162959	0.0627859570084523	-0.0146621397841671	-0.997919307990122
0.265	0.593946355319166	0.195993201466042	0.345223717800135	-0.911030753345068	0.407446629573259	-0.0633262229168032	0.407525874464555	0.913111522577565	0.0122478152329326	0.0628142348629429	-0.0146489380322178	-0.99791772231638
0.27	0.593949166388735	0.195988110753056	0.345190372516745	-0.911023700779692	0.407459134392725	-0.063347221072496	0.407537125161197	0.913106161845377	0.0122730931451896	0.0628435218063377	-0.0146352656256913	-0.997916079020197
0.275	0.593952075714196	0.195982842103332	0.345155861708801	-0.911016400884011	0.40747207652192	-0.0633689527707302	0.407548768247779	0.913100613201728	0.0122992548695472	0.0628738325542718	-0.0146211157420527	-0.997914377165895
0.28	0.593955084692128	0.195977392987733	0.345120168809916	-0.911008850068656	0.407485462196978	-0.0633914284008518	0.407560809224307	0.913094873927372	0.0123263129923295	0.0629051816706158	-0.0146064816322074	-0.997912615820301
0.285	0.593958194704515	0.195971760903552	0.345083277426799	-0.911001044776317	0.407499297590373	-0.063414658240922	0.40757325352762	0.913088941327914	0.0123542799701216	0.0629375835679343	-0.0145913566203547	-0.997910794052558
0.29	0.593961407118793	0.195965943374429	0.345045171338753	-0.910992981481517	0.407513588811137	-0.0634386524579741	0.407586106531439	0.913082812733654	0.012383168130187	0.0629710525079439	-0.0145757341038408	-0.997908910933947
0.295	0.593964723287889	0.195959937950277	0.345005834497175	-0.910984656690404	0.407528341905078	-0.0634634211082717	0.407599373546415	0.913076485499435	0.0124129896708841	0.0630056026019717	-0.0145596075530121	-0.997906965537703
0.3	0.593968144550264	0.195953742207206	0.344965251025055	-0.910976066940516	0.407543562855001	-0.0634889741375666	0.407613059820179	0.913069957004482	0.0124437566620835	0.0630412478114128	-0.0145429705110681	-0.997904956938833
0.305	0.593971672229957	0.195947353747444	0.344923405216469	-0.910967208800573	0.407559257580927	-0.0635153213813564	0.40762717053739	0.913063224652249	0.0124754810455843	0.0630780019481885	-0.0145258165939149	-0.997902884213942
0.31	0.593975307636625	0.195940770199266	0.344880281536084	-0.91095807887025	0.407575431940313	-0.063542472565143	0.407641710819785	0.913056285870267	0.0125081746355311	0.0631158786752043	-0.0145081394900171	-0.997900746441045
0.315	0.593979052065588	0.195933989216909	0.344835864618652	-0.91094867377996	0.407592091728265	-0.0635704373046908	0.407656685726232	0.913049138109984	0.0125418491188296	0.0631548915068068	-0.0144899329602512	-0.997898542699393
0.32	0.593982906797869	0.195927008480503	0.34479013926851	-0.910938990190637	0.407609242677767	-0.0635992251062851	0.407672100252777	0.913041778846617	0.0125765160555631	0.0631950538092418	-0.0144711908377574	-0.997896272069289
0.325	0.593986873100235	0.195919825695989	0.344743090459077	-0.910929024793515	0.407626890459891	-0.063628845366991	0.407687959332697	0.913034205578992	0.012612186879408	0.0632363788011112	-0.0144519070277916	-0.997893933631918
0.33	0.593990952225244	0.195912438595047	0.344694703332352	-0.910918774309913	0.407645040684017	-0.0636593073749125	0.407704267836552	0.913026415829394	0.0126488728980494	0.0632788795538304	-0.0144320755075777	-0.997891526469163
0.335	0.593995145411285	0.195904844935015	0.344644963198417	-0.910908235491015	0.407663698898053	-0.0636906203094515	0.407721030572238	0.913018407143416	0.0126865852935963	0.0633225689920846	-0.0144116903261585	-0.997889049663431
0.34	0.593999453882616	0.195897042498816	0.344593855534928	-0.910897405117662	0.407682870588653	-0.0637227932415677	0.407738252285039	0.913010177089801	0.0127253351229967	0.0633674598942864	-0.0143907456042474	-0.997886502297481
0.345	0.594003878849415	0.195889029094879	0.344541365986618	-0.910886280000123	0.407702561181432	-0.0637558351340383	0.407755937657682	0.913001723260294	0.0127651333184515	0.0634135648930313	-0.0143692355340785	-0.997883883454245
0.35	0.594008421507815	0.195880802557064	0.344487480364794	-0.910874856977896	0.407722776041186	-0.0637897548417185	0.407774091310393	0.912993043269491	0.0128059906878294	0.0634608964755547	-0.0143471543792577	-0.997881192216657
0.355	0.594013083039947	0.195872360744585	0.344432184646836	-0.910863132919485	0.407743520472106	-0.0638245611118021	0.40779271780095	0.912984134754686	0.0128479179150804	0.0635094669841877	-0.0143244964746121	-0.997878427667486
0.36	0.594017864613989	0.195863701541931	0.344375464975694	-0.91085110472219	0.407764799717999	-0.0638602625840824	0.407811821624744	0.912974995375721	0.0128909255606493	0.0635592886168127	-0.0143012562260402	-0.997875588889158
0.365	0.594022767384199	0.195854822858794	0.344317307659387	-0.910838769311895	0.407786618962498	-0.0638968677912136	0.407831407214832	0.91296562281484	0.0129350240618888	0.063610373427319	-0.0142774281103602	-0.997872674963591
0.37	0.594027792490962	0.195845722629989	0.344257699170501	-0.91082612364286	0.407808983329286	-0.0639343851589734	0.407851478942001	0.912956014776535	0.012980223733472	0.0636627333260583	-0.0142530066751595	-0.997869684972028
0.375	0.594032941060836	0.195836398815378	0.344196626145688	-0.91081316469751	0.407831897882306	-0.0639728230065246	0.407872041114821	0.912946168987401	0.0130265347678047	0.0637163800802993	-0.0142279865386421	-0.99786661799487
0.38	0.594038214206586	0.195826849399794	0.344134075385163	-0.910799889486225	0.407855367625977	-0.0640121895466781	0.407893097979716	0.912936083195991	0.013073967235437	0.0637713253146828	-0.0142023623894767	-0.997863473111511
0.385	0.594043613027231	0.195817072392963	0.344070033852204	-0.910786295047137	0.407879397505413	-0.0640524928861567	0.407914653721015	0.912925755172662	0.0131225310854749	0.0638275805116758	-0.0141761289866438	-0.997860249400175
0.39	0.594049138608089	0.195807065829432	0.344004488672648	-0.910772378445922	0.407903992406631	-0.0640937410258587	0.407936712461023	0.912915182709438	0.0131722361459908	0.0638851570120258	-0.0141492811592816	-0.997856945937755
0.395	0.594054792020812	0.195796827768485	0.343937427134391	-0.910758136775595	0.407929157156772	-0.0641359418611222	0.407959278260085	0.912904363619859	0.0132230921244336	0.0639440660152146	-0.014121813806533	-0.997853561799654
0.4	0.594060574323436	0.195786356294073	0.343868836686887	-0.910743567156308	0.407954896524311	-0.0641791031819903	0.407982355116648	0.912893295738838	0.0132751086080391	0.0640043185799116	-0.0140937218973898	-0.997850096059624
0.405	0.594066486560418	0.195775649514732	0.343798704940643	-0.910728666735146	0.40798121521927	-0.0642232326734764	0.408005946967332	0.912881976922522	0.0133282950642386	0.0640659256244274	-0.0140650004705384	-0.997846547789614
0.41	0.59407252976268	0.195764705563512	0.343727019666721	-0.910713432685933	0.408008117893435	-0.0642683379158309	0.408030057686997	0.912870405048142	0.0133826608410681	0.0641288979271658	-0.0140356446342032	-0.997842916059613
0.415	0.594078704947652	0.195753522597897	0.343653768796234	-0.910697862209022	0.408035609140565	-0.0643144263848074	0.408054691088813	0.91285857801388	0.0134382151675759	0.0641932461270775	-0.0140056495659906	-0.997839199937497
0.42	0.594085013119312	0.195742098799727	0.343578940419844	-0.910681952531109	0.408063693496602	-0.0643615054519303	0.408079850924333	0.912846493738723	0.0134949671542308	0.064258980724111	-0.0139750105127313	-0.997835398488883
0.425	0.594091455268234	0.195730432375124	0.343502522787264	-0.910665700905029	0.408092375439892	-0.064409582384763	0.408105540883565	0.912834150162324	0.0135529257933286	0.0643261120796654	-0.0139437227903228	-0.997831510776975
0.43	0.594098032371621	0.195718521554418	0.34342450430675	-0.910649104609565	0.408121659391384	-0.0644586643471762	0.408131764595045	0.912821545244869	0.0136120999593989	0.064394650417041	-0.0139117817835702	-0.997827535862423
0.435	0.594104745393356	0.195706364592062	0.343344873544604	-0.910632160949254	0.40815154971485	-0.064508758399618	0.408158525625917	0.91280867696693	0.0136724984096105	0.064464605821891	-0.0138791829460277	-0.997823472803171
0.44	0.594111595284039	0.195693959766565	0.343263619224672	-0.910614867254194	0.408182050717091	-0.0645598714993831	0.408185827482004	0.912795543329339	0.0137341297841767	0.0645359882426716	-0.0138459217998376	-0.997819320654323
0.445	0.594118582981034	0.195681305380408	0.34318073022784	-0.91059722087986	0.40821316664815	-0.0646120105008844	0.408213673607898	0.912782142353045	0.01379700260676	0.0646088074910929	-0.0138119939355703	-0.997815078468002
0.45	0.594125709408505	0.195668399759971	0.343096195591534	-0.910579219206908	0.408244901701515	-0.0646651821559238	0.408242067387028	0.912768472078983	0.0138611252848757	0.0646830732425681	-0.0137773950120619	-0.997810745293203
0.455	0.594132975477463	0.195655241255458	0.343010004509218	-0.910560859640995	0.408277260014336	-0.0647193931139651	0.408271012141755	0.912754530567944	0.0139265061102954	0.0647587950366638	-0.0137421207562525	-0.997806320175675
0.46	0.594140382085808	0.195641828240815	0.342922146329891	-0.91054213961259	0.408310245667626	-0.0647746499224066	0.408300511133446	0.912740315900434	0.0139931532594495	0.064835982277548	-0.0137061669630226	-0.997801802157767
0.465	0.594147930118369	0.195628159113658	0.342832610557588	-0.910523056576795	0.408343862686473	-0.0648309590268548	0.408330567562566	0.912725826176555	0.0140610747938289	0.0649146442344399	-0.0136695294950291	-0.997797190278315
0.47	0.594155620446948	0.195614232295195	0.342741386850875	-0.910503608013161	0.408378115040247	-0.0648883267713994	0.408361184568767	0.912711059515865	0.0141302786603862	0.0649947900420576	-0.0136322042825409	-0.997792483572506
0.475	0.594163453930362	0.19560004623015	0.34264846502235	-0.910483791425508	0.408413006642804	-0.0649467593988881	0.408392365230971	0.912696014057257	0.0142007726919366	0.0650764287010657	-0.0135941873232725	-0.997787681071747
0.48	0.594171431414486	0.195585599386685	0.342553835038139	-0.910463604341752	0.408448541352693	-0.065006263051203	0.408424112567471	0.912680687958827	0.0142725646075571	0.0651595690785232	-0.0135554746822182	-0.997782781803555
0.485	0.594179553732293	0.195570890256323	0.342457487017396	-0.910443044313726	0.408484722973364	-0.0650668437695377	0.408456429536014	0.91266507939775	0.0143456620129861	0.0652442199083303	-0.0135160624914841	-0.997777784791423
0.49	0.594187821703899	0.195555917353875	0.342359411231802	-0.910422108917004	0.408521555253369	-0.0651285074946748	0.408489319033905	0.912649186570155	0.0144200724010214	0.0653303897916746	-0.0134759469501205	-0.997772689054709
0.495	0.594196236136603	0.19554067921736	0.34225959810506	-0.910400795750734	0.40855904188657	-0.0651912600672645	0.408522783898099	0.912633007691004	0.0144958031519177	0.0654180871974779	-0.013435124323952	-0.997767493608518
0.5	0.594204797824932	0.195525174407928	0.342158038212396	-0.910379102437467	0.40859718651234	-0.0652551072281045	0.408556826905303	0.912616540993964	0.0145728615337838	0.0655073204628409	-0.0133935909454081	-0.997762197463587
0.505	0.594213507550679	0.195509401509787	0.342054722280056	-0.910357026622987	0.408635992715767	-0.0653200546184196	0.408591450772076	0.912599784731291	0.0146512547029787	0.0655980977934892	-0.0133513432133516	-0.997756799626179
0.51	0.594222366082952	0.195493359130124	0.341949641184805	-0.910334565976146	0.408675464027857	-0.0653861077801438	0.40862665815493	0.91258273717371	0.0147309897045064	0.0656904272642176	-0.0133083775929073	-0.997751299097971
0.515	0.594231374178208	0.195477045899026	0.341842785953427	-0.910311718188702	0.408715603925737	-0.0654532721562016	0.408662451650439	0.912565396610293	0.0148120734724112	0.0657843168193345	-0.0132646906152888	-0.997745694875951
0.52	0.594240532580303	0.195460460469409	0.341734147762217	-0.910288480975153	0.408756415832853	-0.0655215530907913	0.408698833795344	0.912547761348346	0.0148945128301709	0.0658797742731055	-0.0132202788776249	-0.997739985952314
0.525	0.594249842020529	0.195443601516937	0.341623717936488	-0.910264852072581	0.408797903119172	-0.0655909558296689	0.408735807066661	0.912529829713293	0.0149783144910902	0.065976807310197	-0.0131751390427846	-0.997734171314362
0.53	0.594259303217658	0.195426467739947	0.341511487950062	-0.910240829240495	0.408840069101387	-0.0656614855204328	0.408773373881796	0.912511600048558	0.0150634850586926	0.0660754234861189	-0.0131292678392019	-0.997728249944411
0.535	0.594268916877985	0.195409057859373	0.341397449424773	-0.910216410260669	0.408882917043108	-0.0657331472128096	0.408811536598654	0.912493070715457	0.0151500310271121	0.066175630227667	-0.0130826620606985	-0.997722220819691
0.54	0.594278683695371	0.195391370618666	0.341281594129961	-0.910191592936997	0.408926450155067	-0.0658059458589406	0.408850297515757	0.912474240093084	0.0152379587814836	0.0662774348333648	-0.0130353185663068	-0.997716082912261
0.545	0.594288604351282	0.195373404783723	0.341163913981975	-0.910166375095333	0.408970671595313	-0.0658798863136695	0.40888965887236	0.912455106578199	0.0153272745983329	0.0663808444739049	-0.0129872342800907	-0.997709835188912
0.55	0.594298679514835	0.195355159142807	0.341044401043668	-0.910140754583348	0.409015584469413	-0.0659549733348305	0.408929622848572	0.912435668585124	0.0154179846459656	0.0664858661925901	-0.0129384061909663	-0.997703476611091
0.555	0.594308909842838	0.195336632506469	0.340923047523896	-0.910114729270382	0.409061191830646	-0.0660312115835385	0.408970191565477	0.91241592454563	0.015510094984855	0.0665925069057738	-0.0128888313525211	-0.997697006134814
0.56	0.594319295979832	0.195317823707475	0.340799845777017	-0.910088297047297	0.409107496680199	-0.066108605624479	0.409011367085261	0.912395872908838	0.0156036115680301	0.0667007734032996	-0.0128385068828325	-0.997690422710583
0.565	0.594329838558136	0.195298731600727	0.340674788302388	-0.910061455826332	0.409154501967364	-0.0661871599261993	0.40905315141133	0.912375512141107	0.0156985402414614	0.0668106723489412	-0.012787429964285	-0.997683725283314
0.57	0.594340538197886	0.195279355063186	0.340547867743864	-0.910034203540969	0.409202210589733	-0.0662668788614015	0.409095546488449	0.912354840725936	0.015794886744447	0.0669222102808411	-0.0127355978433863	-0.997676912792262
0.575	0.59435139550708	0.195259692993798	0.340419076889299	-0.910006538145788	0.409250625393392	-0.0663477667072353	0.409138554202866	0.91233385716386	0.0158926567099975	0.0670353936119489	-0.012683007830583	-0.997669984170949
0.58	0.594362411081618	0.195239744313416	0.340288408670036	-0.909978457616335	0.409299749173114	-0.0664298276455925	0.409182176382444	0.912312559972353	0.0159918556652197	0.0671502286304598	-0.0126296573000745	-0.997662938347096
0.585	0.594373585505347	0.195219507964721	0.340155856160417	-0.909949959948988	0.409349584672552	-0.0665130657634023	0.409226414796803	0.912290947685726	0.0160924890316999	0.0672667215002512	-0.0125755436896262	-0.997655774242559
0.59	0.594384919350101	0.195198982912151	0.34002141257727	-0.90992104316082	0.409400134584431	-0.0665974850529275	0.409271271157447	0.91226901885503	0.0161945621258862	0.0673848782613205	-0.0125206645003817	-0.997648490773266
0.595	0.594396413175744	0.195178168141818	0.339885071279416	-0.909891705289479	0.409451401550744	-0.0666830894120624	0.409316747117915	0.912246772047961	0.0162980801594701	0.0675047048302209	-0.0124650172966736	-0.997641086849163
0.6	0.594408067530211	0.195157062661436	0.339746825767162	-0.909861944393049	0.409503388162935	-0.0667698826446302	0.409362844273912	0.912224205848769	0.0164030482397669	0.0676262070004978	-0.0124085997058339	-0.997633561374149
0.605	0.594419882949553	0.195135665500241	0.339606669681801	-0.909831758549936	0.409556096962096	-0.0668578684606828	0.409409564163463	0.912201318858158	0.0165094713700954	0.0677493904431238	-0.0123514094180025	-0.997625913246029
0.61	0.594431859957979	0.19511397570892	0.33946459680511	-0.90980114585874	0.409609530439151	-0.0669470504768014	0.409456908267051	0.912178109693203	0.0166173544501571	0.067874260706934	-0.0122934441859356	-0.997618141356469
0.615	0.594443999067895	0.195091992359527	0.339320601058848	-0.909770104438133	0.409663691035051	-0.0670374322163976	0.409504878007772	0.912154576987254	0.016726702276414	0.06800082321906	-0.0122347018248115	-0.997610244590937
0.62	0.59445630077995	0.195069714545412	0.339174676504257	-0.909738632426745	0.409718581140958	-0.0671290171100158	0.409553474751482	0.91213071938985	0.0168375195424656	0.0681290832853644	-0.0121751802120374	-0.997602221828671
0.625	0.594468765583076	0.195047141381142	0.339026817341556	-0.909706727983046	0.409774203098433	-0.0672218084956365	0.409602699806952	0.912106535566632	0.0169498108394255	0.0682590460908734	-0.0121148772870532	-0.997594071942633
0.63	0.594481393954532	0.195024272002424	0.338877017909441	-0.909674389285235	0.409830559199624	-0.0673158096189815	0.409652554426024	0.91208202419926	0.017063580656297	0.0683907167002107	-0.0120537910511354	-0.997585793799474
0.635	0.594494186359944	0.195001105566031	0.338725272684585	-0.909641614531124	0.40988765168745	-0.0674110236338182	0.40970303980377	0.912057183985325	0.0171788333803469	0.0685241000580288	-0.0119919195671992	-0.997577386259499
0.64	0.59450714325335	0.194977641249721	0.338571576281133	-0.909608401938032	0.409945482755791	-0.0675074536022674	0.409754157078647	0.912032013638271	0.01729557329748	0.0686592009894417	-0.0119292609596	-0.997568848176631
0.645	0.59452026507724	0.194953878252167	0.338415923450205	-0.90957474974268	0.410004054549666	-0.0676051024951101	0.409805907332667	0.912006511887311	0.0174138045926117	0.068796024200456	-0.0118658134139338	-0.997560178398394
0.65	0.594533552262601	0.194929815792872	0.338258309079387	-0.909540656201088	0.410063369165424	-0.0677039731920967	0.409858291591558	0.91198067747735	0.0175335313500398	0.0689345742784016	-0.0118015751768359	-0.997551375765881
0.655	0.594547005228955	0.194905453112101	0.338098728192238	-0.909506119588464	0.410123428650922	-0.0678040684822559	0.409911310824932	0.911954509168907	0.0176547575538156	0.0690748556923623	-0.011736544555779	-0.99754243911373
0.66	0.594560624384407	0.194880789470797	0.337937175947781	-0.909471138199117	0.410184235005711	-0.0679053910642066	0.409964965946454	0.911928005738038	0.0177774870881146	0.0692168727936057	-0.0116707199188704	-0.997533367270112
0.665	0.594574410125681	0.194855824150509	0.337773647640006	-0.90943571034635	0.410245790181216	-0.0680079435464687	0.410019257814015	0.911901165976262	0.0179017237376052	0.0693606298160123	-0.0116040996946475	-0.997524159056713
0.67	0.594588362838167	0.194830556453316	0.337608138697364	-0.909399834362372	0.410308096080918	-0.0681117284477768	0.410074187229908	0.91187398869049	0.0180274711878178	0.0695061308765048	-0.0115366823718723	-0.99751481328872
0.675	0.594602482895962	0.194804985701744	0.337440644682271	-0.909363508598199	0.410371154560535	-0.0682167481973933	0.410129754941	0.911846472702948	0.0181547330255121	0.0696533799754759	-0.0114684664993256	-0.997505328774812
0.68	0.594616770661913	0.194779111238699	0.3372711612906	-0.909326731423572	0.410434967428202	-0.0683230051354242	0.410185961638918	0.911818616851113	0.0182835127390441	0.0698023809972167	-0.0113994506855985	-0.99749570431716
0.685	0.594631226487656	0.19475293242738	0.337099684351184	-0.909289501226858	0.41049953644465	-0.0684305015131348	0.410242807960225	0.911790419987643	0.0184138137187319	0.0699531377103438	-0.0113296335988848	-0.997485938711415
0.69	0.594645850713662	0.194726448651213	0.336926209825311	-0.909251816414977	0.410564863323385	-0.0685392394932668	0.410300294486604	0.911761880980307	0.0185456392572209	0.0701056537682263	-0.0112590139667703	-0.997476030746717
0.695	0.594660643669278	0.194699659313766	0.336750733806226	-0.90921367541331	0.410630949730862	-0.0686492211503567	0.410358421745051	0.911732998711922	0.0186789925498479	0.0702599327094124	-0.0111875905760223	-0.997465979205693
0.7	0.594675605672769	0.194672563838675	0.336573252518626	-0.909175076665621	0.41069779728667	-0.0687604484710549	0.410417190208054	0.911703772080291	0.0188138766950047	0.0704159779580547	-0.0111153622723776	-0.997455782864467
0.705	0.59469073703136	0.19464516166957	0.336393762318157	-0.909136018633978	0.4107654075637	-0.0688729233544461	0.41047660029379	0.911674199998137	0.0189502946945002	0.0705737928243363	-0.0110423279603293	-0.997445440492664
0.71	0.594706038041281	0.194617452269995	0.336212259690919	-0.909096499798678	0.410833782088328	-0.068986647612371	0.410536652366318	0.911644281393045	0.0190882494539228	0.0707333805048957	-0.0109684866029124	-0.997434950853434
0.715	0.594721508987805	0.194589435123332	0.336028741252956	-0.909056518658171	0.410902922340585	-0.0691016229697481	0.410597346735773	0.9116140152074	0.0192277437830003	0.0708947440832509	-0.0108938372214888	-0.997424312703456
0.72	0.594737150145293	0.194561109732728	0.335843203749761	-0.909016073728992	0.410972829754335	-0.0692178510648982	0.410658683658566	0.911583400398333	0.0193687803959609	0.0710578865302236	-0.0108183788955303	-0.997413524792967
0.725	0.594752961777236	0.194532475621013	0.335655644055769	-0.908975163545687	0.411043505717446	-0.0693353334498682	0.410720663337581	0.911552435937659	0.0195113619118917	0.0712228107043631	-0.0107421107624014	-0.997402585865777
0.73	0.594768944136297	0.194503532330625	0.335466059173859	-0.90893378666075	0.411114951571963	-0.0694540715907573	0.410783285922382	0.91152112081183	0.0196554908550973	0.0713895193523687	-0.0106650320171403	-0.9973914946593
0.735	0.594785097464352	0.194474279423538	0.335274446234852	-0.908891941644555	0.411187168614286	-0.0695740668680434	0.410846551509416	0.911489454021876	0.0198011696554572	0.071558015109513	-0.0105871419122394	-0.997380249904578
0.74	0.594801421992537	0.194444716481178	0.335080802497005	-0.908849627085297	0.411260158095333	-0.0696953205769116	0.410910460142218	0.911457434583352	0.0199484006487827	0.0717283005000636	-0.0105084397574239	-0.997368850326316
0.745	0.594817917941283	0.194414843104352	0.334885125345515	-0.908806841588931	0.411333921220719	-0.0698178339275823	0.410975011811628	0.911425061526296	0.0200971860771726	0.0719003779377052	-0.0104289249194301	-0.997357294642919
0.75	0.594834585520365	0.194384658913169	0.334687412292015	-0.908763583779112	0.411408459150922	-0.0699416080456416	0.411040206455994	0.911392333895169	0.0202475280893684	0.0720742497259605	-0.0103485968217821	-0.99734558156652
0.755	0.594851424928941	0.194354163546965	0.334487660974071	-0.908719852297141	0.411483773001454	-0.0700666439723726	0.411106043961394	0.911359250748819	0.0203994287411083	0.0722499180586113	-0.0102674549445675	-0.997333709803036
0.76	0.594868436355593	0.194323356664225	0.334285869154681	-0.908675645801913	0.41155986384303	-0.0701929426650869	0.411172524161847	0.911325811160426	0.0205528899954812	0.0724273850201187	-0.010185498824212	-0.997321678052197
0.765	0.594885619978374	0.194292237942504	0.334082034721774	-0.908630962969863	0.411636732701737	-0.0703205049974586	0.411239646839538	0.911292014217463	0.0207079137232789	0.0726066525860432	-0.0101027280532531	-0.997309485007604
0.77	0.594902975964844	0.194260807078357	0.333876155687709	-0.908585802494923	0.411714380559202	-0.0704493317598576	0.411307411725035	0.911257859021651	0.0208645017033481	0.0727877226234642	-0.0100191422801121	-0.997297129356774
0.775	0.59492050447212	0.194229063787256	0.33366823018877	-0.908540163088466	0.411792808352757	-0.0705794236596857	0.411375818497511	0.91122334468892	0.0210226556229416	0.0729705968913991	-0.00993474120886578	-0.997284609781193
0.78	0.59493820564691	0.194197007803518	0.333458256484668	-0.908494043479271	0.411872016975611	-0.0707107813217126	0.411444866784977	0.911188470349365	0.0211823770780685	0.0731552770412218	-0.00984952459901659	-0.997271924956377
0.785	0.594956079625562	0.194164638880223	0.333246232958037	-0.908447442413476	0.411952007277009	-0.0708434052884136	0.411514556164503	0.911153235147211	0.0213436675738439	0.0733417646170813	-0.00976349226526156	-0.997259073551923
0.79	0.594974126534101	0.194131956789145	0.333032158113932	-0.908400358654539	0.412032780062402	-0.0709772960203075	0.411584886162454	0.911117638240776	0.0215065285248377	0.0735300610563193	-0.00967664407726046	-0.997246054231581
0.795	0.594992346488277	0.194098961320669	0.332816030579331	-0.908352790983201	0.41211433609361	-0.0711124538962972	0.411655856254718	0.911081678802434	0.0216709612554223	0.0737201676898878	-0.00958897995940277	-0.99723286565331
0.8	0.595010739593603	0.194065652283715	0.332597849102628	-0.90830473819745	0.412196676088988	-0.0712488792140091	0.411727465866945	0.911045356018579	0.0218369670001203	0.0739120857427662	-0.00950049989057344	-0.997219506469355
0.805	0.595029305945396	0.194032029505666	0.332377612553133	-0.908256199112488	0.412279800723586	-0.0713865721901357	0.411799714374783	0.911008669089597	0.0220045469039509	0.0741058163343777	-0.00941120390391777	-0.997205975326309
0.81	0.595048045628826	0.193998092832286	0.332155319920575	-0.9082071725607	0.412363710629314	-0.0715255329607779	0.411872601104115	0.910971617229832	0.0221737020227757	0.0743013604790061	-0.00932109208660505	-0.997192270865195
0.815	0.595066958718951	0.193963842127647	0.331930970314592	-0.908157657391623	0.412448406395106	-0.0716657615817886	0.411946125331304	0.910934199667556	0.0223444333236438	0.0744987190862111	-0.00923016457959123	-0.997178391721536
0.82	0.595086045280764	0.193929277274051	0.331704562964236	-0.908107652471922	0.412533888567079	-0.071807258029118	0.412020286283438	0.91089641564494	0.0225167416851359	0.0746978929612445	-0.00913842157738044	-0.997164336525443
0.825	0.595105305369233	0.193894398171953	0.331476097217467	-0.908057156685365	0.412620157648693	-0.0719500221991588	0.41209508313857	0.910858264418028	0.0226906278977085	0.0748988828054647	-0.00904586332778552	-0.997150103901689
0.83	0.595124739029343	0.193859204739886	0.331245572540655	-0.908006168932796	0.412707214100916	-0.0720940539090936	0.412170515025975	0.910819745256712	0.0228660926640364	0.0751016892167522	-0.00895249013168749	-0.997135692469803
0.835	0.595144346296142	0.193823696914382	0.331012988518076	-0.907954688132122	0.41279505834238	-0.0722393528972425	0.412246581026391	0.910780857444706	0.023043136599355	0.0753063126899235	-0.00885830234279385	-0.997121100844151
0.84	0.595164127194778	0.193787874649898	0.33077834485141	-0.907902713218288	0.412883690749542	-0.0723859188234122	0.412323280172281	0.910741600279524	0.0232217602318022	0.0755127536171456	-0.00876330036739599	-0.997106327634033
0.845	0.595184081740545	0.193751737918738	0.330541641359239	-0.907850243143261	0.412973111656841	-0.0725337512692459	0.41240061144808	0.910701973072455	0.0234019640027589	0.0757210122883497	-0.00866748466412546	-0.997091371443774
0.85	0.595204209938923	0.193715286710975	0.330302877976548	-0.907797276876022	0.41306332135686	-0.0726828497385742	0.412478573790457	0.910661975148551	0.0235837482671892	0.0759310888916446	-0.0085708557437092	-0.997076230872821
0.855	0.595224511785625	0.193678521034379	0.330062054754221	-0.907743813402545	0.413154320100478	-0.0728332136577671	0.412557166088573	0.910621605846598	0.0237671132939805	0.0761429835137298	-0.00847341416872379	-0.997060904515844
0.86	0.59524498726663	0.193641440914334	0.329819171858539	-0.907689851725793	0.413246108097035	-0.0729848423760872	0.412636387184341	0.910580864519104	0.0239520592662817	0.0763566961403085	-0.00837516055334859	-0.997045390962841
0.865	0.595265636358236	0.193604046393768	0.329574229570679	-0.907635390865707	0.413338685514478	-0.0731377351660436	0.412716235872689	0.910539750532284	0.0241385862818419	0.0765722266564999	-0.00827609556311792	-0.997029688799233
0.87	0.595286459027096	0.19356633753307	0.329327228286214	-0.907580429859201	0.413432052479528	-0.073291891223747	0.412796710901828	0.910498263266038	0.0243266943533481	0.0767895748472518	-0.00817621991467223	-0.997013796605988
