0	0.593895796877881	0.196084760393114	0.345823448796313	-0.911157464088433	0.407221761059091	-0.0629484944686554	0.407323386172798	0.91320785090866	0.0117932232876897	0.0622875165074325	-0.0148949104972123	-0.997947096257421
0.005	0.593895796619577	0.196084760054207	0.345823447476317	-0.911157449902016	0.407221871736631	-0.0629479838229326	0.407323447142555	0.913207814957876	0.0117939012954638	0.0622873253235598	-0.0148940887326599	-0.997947120455218
0.01	0.593895794814038	0.196084757685251	0.345823438249548	-0.911157407373681	0.407222203520626	-0.0629464530206307	0.407323629917026	0.913207707182076	0.0117959338110166	0.06228675219732	-0.0148916252659673	-0.997947192990515
0.015	0.593895789921127	0.19608475126551	0.345823413245513	-0.91115733654887	0.40722275603435	-0.0629439037632539	0.40732393429514	0.913207527691027	0.0117993185723239	0.0622857977672121	-0.0148875228372929	-0.997947313769755
0.02	0.593895780408439	0.196084738784396	0.345823364633236	-0.911157237471783	0.407223528896046	-0.0629403377512508	0.407324360077337	0.913207276587785	0.0118040533168698	0.062284462672308	-0.014881784186411	-0.997947482690874
0.025	0.593895764751292	0.196084718241448	0.345823284621192	-0.911157110185383	0.407224521718955	-0.0629357566840201	0.407324907065557	0.913206953968735	0.0118101357816492	0.0622827475522495	-0.0148744120527145	-0.997947699643337
0.03	0.593895741432708	0.19608468764632	0.345823165457241	-0.911156954731412	0.407225734111342	-0.0629301622599168	0.407325575063228	0.91320655992362	0.0118175637031708	0.0622806530472451	-0.0148654091752173	-0.997947964508201
0.035	0.593895708943406	0.196084645018756	0.345822999428561	-0.911156771150386	0.407227165676526	-0.0629235561762583	0.407326363875263	0.913206094535588	0.0118263348174593	0.0622781797980671	-0.0148547782925566	-0.997948277158149
0.04	0.593895665781784	0.196084588388584	0.345822778861586	-0.911156559481612	0.40722881601291	-0.0629159401293303	0.40732727330805	0.913205557881225	0.0118364468600576	0.0622753284460478	-0.0148425221429956	-0.997948637457546
0.045	0.593895610453908	0.19608451579569	0.345822496121933	-0.911156319763186	0.407230684714001	-0.0629073158143934	0.407328303169438	0.913204950030589	0.0118478975660297	0.0622720996330773	-0.014828643464426	-0.997949045262479
0.05	0.593895541473503	0.196084425290004	0.345822143614343	-0.911156052032012	0.407232771368448	-0.0628976849256889	0.40732945326874	0.913204271047255	0.0118606846699626	0.0622684940015998	-0.0148131449943706	-0.997949500420812
0.055	0.593895457361932	0.196084314931484	0.34582171378261	-0.911155756323794	0.407235075560063	-0.062887049156445	0.407330723416713	0.913203520988346	0.0118748059059687	0.062264512194611	-0.014796029469986	-0.997950002772228
0.06	0.593895356648189	0.196084182790098	0.345821199109516	-0.911155432673054	0.407237596867851	-0.0628754101988832	0.407332113425556	0.913202699904572	0.0118902590076877	0.0622601548556546	-0.0147772996280655	-0.997950552148278
0.065	0.593895237868885	0.196084026945808	0.345820592116768	-0.911155081113135	0.407240334866037	-0.0628627697442245	0.407333623108901	0.913201807840267	0.0119070417082892	0.0622554226288199	-0.0147569582050418	-0.997951148372425
0.07	0.593895099568236	0.196083845488551	0.345819885364928	-0.911154701676207	0.407243289124094	-0.0628491294826958	0.407335252281803	0.913200844833428	0.0119251517404746	0.0622503161587381	-0.0147350079369899	-0.997951791260097
0.075	0.593894940298045	0.196083636518225	0.345819071453346	-0.911154294393276	0.407246459206771	-0.0628344911035361	0.407337000760733	0.913199810915747	0.0119445868364789	0.0622448360905802	-0.0147114515596301	-0.997952480618725
0.08	0.593894758617696	0.196083398144668	0.345818143020101	-0.911153859294188	0.407249844674119	-0.0628188562950027	0.407338868363568	0.913198706112655	0.0119653447280729	0.0622389830700533	-0.014686291808331	-0.997953216247799
0.085	0.593894553094137	0.196083128487647	0.345817092741926	-0.911153396407641	0.407253445081521	-0.0628022267443781	0.407340854909585	0.91319753044335	0.0119874231465651	0.062232757743398	-0.0146595314181123	-0.997953997938909
0.09	0.593894322301867	0.196082825676833	0.345815913334148	-0.911152905761185	0.407257259979717	-0.0627846041379758	0.407342960219451	0.913196283920844	0.0120108198228032	0.0622261607573856	-0.0146311731236483	-0.997954825475794
0.095	0.593894064822924	0.196082487851792	0.345814597550621	-0.911152387381233	0.407261288914833	-0.0627659901611471	0.407345184115216	0.91319496655199	0.0120355324871765	0.0622191927593151	-0.0146012196592711	-0.997955698634384
0.1	0.593893779246874	0.196082113161964	0.345813138183658	-0.911151841293067	0.407265531428405	-0.0627463864982875	0.407347526420302	0.913193578337526	0.0120615588696172	0.0622118543970103	-0.0145696737589732	-0.997956617182852
0.105	0.593893464170794	0.196081699766645	0.345811528063963	-0.911151267520846	0.407269987057412	-0.0627257948328431	0.407349986959499	0.913192119272107	0.0120888966996023	0.0622041463188168	-0.0145365381564116	-0.99795758088166
0.11	0.593893118199262	0.196081245834972	0.345809760060573	-0.911150666087609	0.407274655334298	-0.0627042168473172	0.407352565558951	0.913190589344344	0.0121175437061552	0.0621960691735998	-0.0145018155849104	-0.997958589483599
0.115	0.593892739944343	0.196080749545908	0.345807827080784	-0.911150037015287	0.407279535787001	-0.0626816542232767	0.407355262046153	0.913188988536838	0.0121474976178471	0.0621876236107404	-0.0144655087774648	-0.997959642733842
0.12	0.593892328025576	0.196080209088219	0.345805722070086	-0.911149380324705	0.407284627938981	-0.062658108641359	0.407358076249942	0.913187316826221	0.0121787561627989	0.0621788102801336	-0.0144276204667439	-0.997960740369989
0.125	0.593891881069962	0.196079622660463	0.345803438012102	-0.911148696035591	0.407289931309246	-0.062633581781278	0.407361008000486	0.913185574183187	0.0122113170686825	0.0621696298321851	-0.014388153385095	-0.997961882122106
0.13	0.59389139771195	0.19607898847097	0.345800967928516	-0.911147984166584	0.407295445412379	-0.0626080753218314	0.407364057129275	0.913183760572531	0.0122451780627223	0.0621600829178086	-0.0143471102645462	-0.997963067712783
0.135	0.593890876593425	0.196078304737826	0.345798304879009	-0.911147244735236	0.407301169758563	-0.0625815909409067	0.407367223469119	0.913181875953185	0.0122803368716963	0.0621501701884232	-0.0143044938368107	-0.997964296857169
0.14	0.593890316363695	0.196077569688856	0.345795441961196	-0.911146477758025	0.407307103853614	-0.0625541303154884	0.407370506854133	0.913179920278256	0.0123167912219381	0.0621398922959505	-0.0142603068332901	-0.997965569263023
0.145	0.593889715679476	0.196076781561606	0.345792372310555	-0.911145683250357	0.407313247198999	-0.062525695121664	0.407373907119733	0.913177893495058	0.0123545388393377	0.0621292498928121	-0.0142145519850781	-0.997966884630758
0.15	0.593889073204881	0.196075938603328	0.345789089100364	-0.911144861226576	0.407319599291871	-0.0624962870346317	0.407377424102625	0.91317579554515	0.0123935774493426	0.0621182436319269	-0.0141672320229644	-0.997968242653489
0.155	0.593888387611409	0.196075039070961	0.345785585541633	-0.911144011699965	0.40732615962509	-0.062465907728706	0.407381057640799	0.913173626364374	0.0124339047769598	0.0621068741667079	-0.0141183496774383	-0.997969643017075
0.16	0.593887657577928	0.196074081231115	0.345781854883041	-0.91114313468276	0.407332927687252	-0.0624345588773251	0.40738480757352	0.913171385882889	0.0124755185467561	0.0620951421510606	-0.0140679076786924	-0.997971085400165
0.165	0.593886881790664	0.196073063360054	0.345777890410864	-0.911142230186153	0.407339902962717	-0.0624022421530577	0.407388673741319	0.913169074025205	0.0125184164828598	0.0620830482393793	-0.0140159087566269	-0.997972569474248
0.17	0.593886058943187	0.196071983743681	0.345773685448918	-0.911141298220297	0.407347084931631	-0.0623689592276093	0.407392655985987	0.913166690710224	0.0125625963089614	0.0620705930865451	-0.0139623556408529	-0.997974094903692
0.175	0.593885187736402	0.196070840677514	0.345769233358483	-0.911140338794316	0.407354473069957	-0.0623347117718296	0.407396754150564	0.913164235851269	0.0126080557483149	0.0620577773479233	-0.0139072510606971	-0.997975661345792
0.18	0.593884266878531	0.19606963246668	0.345764527538246	-0.91113935191631	0.407362066849499	-0.0622995014557187	0.407400968079331	0.913161709356128	0.0126547925237387	0.0620446016793604	-0.0138505977452048	-0.997977268450815
0.185	0.593883295085102	0.196068357425888	0.345759561424226	-0.911138337593361	0.407369865737931	-0.0622633299484345	0.407405297617808	0.913159111127079	0.0127028043576167	0.062031066737182	-0.0137923984231451	-0.997978915862047
0.19	0.593882271078937	0.196067013879417	0.345754328489715	-0.91113729583154	0.407377869198818	-0.0622261989182991	0.407409742612736	0.913156441060937	0.0127520889718989	0.0620171731781898	-0.0137326558230139	-0.997980603215831
0.195	0.593881193590138	0.1960656001611	0.34574882224521	-0.911136226635916	0.407386076691649	-0.0621881100328059	0.407414302912076	0.913153699049082	0.0128026440881025	0.0620029216596596	-0.0136713726730388	-0.997982330141622
0.2	0.593880061356075	0.196064114614303	0.345743036238344	-0.911135130010556	0.407394487671858	-0.0621490649586265	0.407418978364999	0.913150884977494	0.0128544674273126	0.0619883128393382	-0.0136085517011826	-0.997984096262024
0.205	0.593878873121373	0.196062555591911	0.345736964053825	-0.911134005958543	0.407403101590852	-0.0621090653616175	0.407423768821877	0.913147998726795	0.0129075567101833	0.0619733473754412	-0.0135441956351482	-0.997985901192838
0.21	0.593877627637896	0.19606092145631	0.345730599313365	-0.911132854481967	0.407411917896038	-0.0620681129068276	0.407428674134277	0.913145040172278	0.0129619096569379	0.0619580259266508	-0.0134783072023821	-0.997987744543104
0.215	0.593876323664738	0.196059210579371	0.345723935675617	-0.911131675581949	0.407420936030847	-0.0620262092585041	0.40743369415495	0.913142009183944	0.0130175239873703	0.0619423491521126	-0.0134108891300794	-0.997989625915149
0.22	0.593874959968211	0.196057421342432	0.345716966836107	-0.911130469258631	0.407430155434763	-0.0619833560801004	0.407438828737824	0.913138905626538	0.013074397420845	0.0619263177114336	-0.0133419441451873	-0.99799154490463
0.225	0.593873535321826	0.196055552136281	0.34570968652717	-0.911129235511195	0.407439575543345	-0.0619395550342827	0.407444077738	0.913135729359585	0.0131325276762982	0.06190993226468	-0.0132714749744102	-0.997993501100577
0.23	0.593872048506285	0.196053601361139	0.345702088517882	-0.911127974337862	0.407449195788258	-0.0618948077829367	0.407449441011736	0.913132480237424	0.0131919124722382	0.0618931934723741	-0.0131994843442137	-0.997995494085438
0.235	0.593870498309469	0.196051567426645	0.345694166613996	-0.911126685735903	0.407459015597292	-0.0618491159871754	0.407454918416446	0.913129158109239	0.013252549526746	0.0618761019954925	-0.0131259749808288	-0.997997523435127
0.24	0.593868883526421	0.196049448751837	0.345685914657873	-0.911125369701643	0.407469034394395	-0.0618024813073452	0.40746050981069	0.913125762819104	0.0133144365574761	0.0618586584954631	-0.013050949610257	-0.99799958871906
0.245	0.593867202959334	0.196047243765133	0.345677326528418	-0.911124026230467	0.407479251599694	-0.0617549054030332	0.407466215054162	0.913122294206006	0.0133775712816562	0.0618408636341634	-0.0129744109582741	-0.998001689500207
0.25	0.593865455417541	0.19604495090432	0.345668396141015	-0.911122655316829	0.407489666629521	-0.0617063899330749	0.40747203400769	0.913118752103889	0.0134419514160889	0.0618227180739176	-0.012896361750435	-0.998003825335131
0.255	0.5938636397175	0.196042568616532	0.345659117447457	-0.911121256954257	0.407500278896444	-0.0616569365555601	0.40747796653322	0.913115136341685	0.0135075746771508	0.0618042224774943	-0.0128168047120783	-0.998005995774036
0.26	0.59386175468278	0.196040095358235	0.345649484435883	-0.911119831135358	0.407511087809282	-0.0616065469278408	0.407484012493813	0.913111446743347	0.0135744387807938	0.0617853775081044	-0.0127357425683308	-0.998008200360806
0.265	0.593859799144051	0.196037529595208	0.345639491130713	-0.911118377851829	0.407522092773143	-0.0615552227065381	0.407490171753634	0.913107683127889	0.0136425414425453	0.0617661838293986	-0.0126531780441122	-0.998010438633053
0.27	0.593857771939068	0.19603486980253	0.345629131592578	-0.911116897094456	0.407533293189439	-0.061502965547549	0.407496444177948	0.913103845309416	0.0137118803775082	0.0617466421054651	-0.0125691138641394	-0.998012710122156
0.275	0.59385567191266	0.196032114464559	0.345618399918257	-0.911115388853128	0.407544688455918	-0.0614497771060538	0.407502829633108	0.913099933097158	0.0137824533003615	0.061726753000827	-0.0124835527529318	-0.998015014353312
0.28	0.593853497916716	0.196029262074918	0.34560729024061	-0.911113853116839	0.407556277966687	-0.061395659036523	0.407509327986548	0.913095946295508	0.0138542579253604	0.0617065171804407	-0.0123964974348151	-0.99801735084557
0.285	0.593851248810173	0.196026311136476	0.345595796728512	-0.911112289873696	0.407568061112236	-0.0613406129927246	0.407515939106778	0.913091884704056	0.0139272919663367	0.0616859353096929	-0.012307950633927	-0.998019719111883
0.29	0.593848923459003	0.196023260161331	0.345583913586786	-0.911110699110925	0.407580037279468	-0.0612846406277311	0.407522662863372	0.91308774811762	0.0140015531366989	0.0616650080543988	-0.0122179150742213	-0.998022118659146
0.295	0.593846520736199	0.196020107670796	0.345571635056138	-0.911109080814876	0.407592205851718	-0.0612277435939265	0.407529499126963	0.913083536326284	0.0140770391494323	0.0616437360807995	-0.0121263934794727	-0.998024548988242
0.3	0.593844039521763	0.196016852195379	0.345558955413092	-0.911107434971032	0.407604566208782	-0.0611699235430137	0.407536447769234	0.913079249115429	0.0141537477170992	0.0616221200555599	-0.0120333885732821	-0.998027009594081
0.305	0.593841478702694	0.196013492274765	0.34554586896992	-0.911105761564014	0.407617117726942	-0.0611111821260215	0.40754350866291	0.91307488626577	0.0142316765518392	0.0616001606457667	-0.0119389030790807	-0.99802949996565
0.31	0.593838837172971	0.196010026457803	0.345532370074581	-0.911104060577586	0.40762985977899	-0.0610515209933119	0.40755068168175	0.913070447553389	0.014310823365369	0.0615778585189257	-0.0118429397201356	-0.99803201958605
0.315	0.593836113833546	0.196006453302487	0.345518453110652	-0.911102331994664	0.407642791734254	-0.0609909417945869	0.407557966700541	0.913065932749769	0.0143911858689826	0.06155521434296	-0.0117455012195541	-0.998034567932542
0.32	0.593833307592327	0.196002771375937	0.34550411249726	-0.911100575797319	0.407655912958621	-0.0609294461788961	0.407565363595087	0.913061341621827	0.0144727617735514	0.0615322287862075	-0.0116465903002889	-0.998037144476587
0.325	0.593830417364165	0.195998979254387	0.345489342689021	-0.911098791966789	0.407669222814565	-0.0608670357946436	0.407572872242204	0.91305667393195	0.0145555487895241	0.061508902517419	-0.0115462096851429	-0.998039748683894
0.33	0.593827442070844	0.195995075523163	0.345474138175971	-0.911096980483478	0.40768272066117	-0.0608037122895953	0.407580492519713	0.913051929438027	0.0146395446269266	0.0614852362057557	-0.0114443620967742	-0.998042380014457
0.335	0.593824380641065	0.195991058776668	0.345458493483497	-0.911095141326967	0.407696405854154	-0.0607394773108861	0.407588224306425	0.913047107893485	0.0147247469953622	0.0614612305207875	-0.0113410502577011	-0.9980450379226
0.34	0.593821232010435	0.195986927618365	0.345442403172277	-0.911093274476019	0.407710277745895	-0.0606743325050271	0.407596067482145	0.91304220904732	0.0148111536040114	0.0614368861324901	-0.0112362768903071	-0.998047721857021
0.345	0.593817995121453	0.195982680660763	0.34542586183821	-0.911091379908586	0.407724335685458	-0.0606082795179125	0.407604021927653	0.913037232644131	0.0148987621616316	0.0614122037112437	-0.0111300447168457	-0.998050431260831
0.35	0.593814668923498	0.195978316525394	0.345408864112352	-0.911089457601813	0.407738579018615	-0.0605413199948273	0.407612087524703	0.913032178424157	0.0149875703765574	0.0613871839278302	-0.0110223564594459	-0.998053165571601
0.355	0.593811252372814	0.1959738338428	0.345391404660846	-0.911087507532047	0.407753007087871	-0.0604734555804543	0.407620264156013	0.913027046123308	0.0150775759567003	0.0613618274534315	-0.0109132148401165	-0.998055924221398
0.36	0.593807744432502	0.195969231252516	0.345373478184861	-0.911085529674843	0.407767619232491	-0.060404687918881	0.407628551705257	0.913021835473196	0.0151687766095481	0.0613361349596272	-0.010802622580752	-0.998058706636835
0.365	0.593804144072499	0.195964507403051	0.345355079420522	-0.911083524004967	0.407782414788525	-0.0603350186536074	0.407636950057061	0.913016546201175	0.0152611700421655	0.0613101071183926	-0.0106905824031373	-0.998061512239107
0.37	0.593800450269573	0.195959660951874	0.345336203138848	-0.911081490496406	0.407797393088826	-0.0602644494275528	0.407645459096987	0.913011178030367	0.0153547539611932	0.0612837446020964	-0.0105770970289525	-0.998064340444034
0.375	0.593796662007306	0.195954690565394	0.345316844145681	-0.911079429122371	0.407812553463082	-0.0601929818830632	0.407654078711535	0.913005730679701	0.0154495260728481	0.0612570480834987	-0.0104621691797786	-0.998067190662107
0.38	0.593792778276082	0.195949594918945	0.345296997281622	-0.911077339855309	0.407827895237838	-0.0601206176619183	0.407662808788127	0.913000203863944	0.0155454840829228	0.0612300182357493	-0.0103458015771023	-0.998070062298523
0.385	0.593788798073074	0.195944372696769	0.345276657421968	-0.911075222666899	0.407843417736516	-0.060047358405339	0.407671649215107	0.912994597293733	0.0156426256967855	0.061202655732385	-0.0102279969423213	-0.998072954753234
0.39	0.593784720402231	0.195939022591997	0.345255819476641	-0.911073077528068	0.407859120279447	-0.0599732057539946	0.407680599881726	0.912988910675611	0.0157409486193796	0.061174961247328	-0.0101087579967493	-0.998075867420985
0.395	0.593780544274264	0.195933543306635	0.345234478390123	-0.911070904408993	0.407875002183889	-0.05989816134801	0.407689660678139	0.912983143712057	0.0158404505552233	0.0611469354548837	-0.00998808746162138	-0.998078799691355
0.4	0.593776268706635	0.195927933551544	0.345212629141395	-0.911068703279107	0.407891062764055	-0.0598222268269726	0.407698831495398	0.912977296101523	0.0159411292084095	0.0611185790297387	-0.00986598805809904	-0.998081750948801
0.405	0.593771892723544	0.195922192046426	0.345190266743863	-0.911066474107104	0.407907301331131	-0.0597454038299403	0.40770811222544	0.912971367538461	0.0160429822826054	0.0610898926469589	-0.00974246250727549	-0.998084720572696
0.41	0.593767415355914	0.195916317519805	0.345167386245297	-0.91106421686095	0.407923717193312	-0.0596676939954477	0.407717502761083	0.912965357713362	0.0161460074810518	0.0610608769819871	-0.00961751353018094	-0.998087707937378
0.415	0.59376283564138	0.19591030870901	0.345143982727765	-0.911061931507883	0.407940309655812	-0.0595890989615145	0.407727002996018	0.912959266312786	0.0162502025065632	0.0610315327106414	-0.0094911438477877	-0.998090712412179
0.42	0.593758152624275	0.19590416436016	0.345120051307565	-0.911059618014423	0.407957078020898	-0.0595096203656518	0.407736612824799	0.912953093019394	0.0163555650615272	0.061001860509113	-0.00936335618101555	-0.998093733361479
0.425	0.593753365355618	0.195897883228145	0.345095587135158	-0.911057276346376	0.407974021587911	-0.0594292598448696	0.407746332142839	0.912946837511982	0.0164620928479037	0.0609718610539644	-0.00923415325073694	-0.998096770144738
0.43	0.593748472893101	0.195891464076609	0.345070585395106	-0.911054906468843	0.407991139653287	-0.0593480190356844	0.4077561608464	0.912940499465513	0.0165697835672253	0.0609415350221271	-0.00910353777778228	-0.998099822116543
0.435	0.593743474301075	0.195884905677935	0.345045041306002	-0.911052508346222	0.408008431510586	-0.0592658995741259	0.407766098832585	0.912934078551151	0.016678634920596	0.0609108830908998	-0.00897151248294523	-0.998102888626646
0.44	0.593738368650536	0.195878206813226	0.345018950120406	-0.911050081942216	0.408025896450511	-0.0591829030957447	0.407776145999334	0.912927574436293	0.0167886446086911	0.0608799059379466	-0.00883808008698801	-0.998105969020006
0.445	0.593733155019117	0.195871366272289	0.344992307124776	-0.91104762721984	0.408043533760935	-0.059099031235619	0.407786302245411	0.912920986784598	0.016899810331757	0.0608486042412948	-0.00870324331064663	-0.998109062636826
0.45	0.593727832491071	0.195864382853618	0.344965107639408	-0.911045144141428	0.408061342726924	-0.0590142856283626	0.407796567470404	0.912914315256026	0.01701212978961	0.0608169786793331	-0.00856700487463634	-0.998112168812602
0.455	0.593722400157256	0.195857255364377	0.344937347018363	-0.911042632668633	0.408079322630759	-0.0589286679081311	0.407806941574707	0.912907559506863	0.0171256006816364	0.0607850299308094	-0.0084293674996568	-0.998115286878157
0.46	0.593716857115128	0.195849982620383	0.344909020649406	-0.911040092762442	0.408097472751963	-0.0588421797086302	0.407817424459525	0.91290071918976	0.0172402207067918	0.0607527586748294	-0.00829033390639751	-0.998118416159686
0.465	0.593711202468726	0.195842563446089	0.344880123953937	-0.911037524383172	0.408115792367321	-0.0587548226631221	0.407828016026855	0.912893793953761	0.0173559875636005	0.0607201655908541	-0.0081499068155431	-0.998121555978788
0.47	0.593705435328653	0.195834996674566	0.344850652386925	-0.911034927490486	0.408134280750905	-0.0586665984044333	0.407838716179486	0.912886783444336	0.0174728989501548	0.0606872513586984	-0.00800808894777871	-0.998124705652521
0.475	0.593699554812075	0.195827281147488	0.344820601436845	-0.911032302043391	0.408152937174097	-0.0585775085649611	0.40784952482099	0.912879687303415	0.0175909525641148	0.0606540166585285	-0.00786488302379529	-0.998127864493427
0.48	0.593693560042695	0.195819415715114	0.344789966625607	-0.911029648000248	0.408171760905614	-0.0584875547766818	0.407860441855711	0.912872505169416	0.0177101461027075	0.0606204621708607	-0.00772029176429498	-0.998131031809584
0.485	0.593687450150751	0.195811399236271	0.344758743508494	-0.911026965318777	0.40819075121153	-0.058396738671157	0.407871467188764	0.912865236677281	0.0178304772627265	0.0605865885765595	-0.0075743178899965	-0.998134206904641
0.49	0.593681224272995	0.195803230578336	0.344726927674096	-0.911024253956063	0.408209907355299	-0.0583050618795411	0.407882600726021	0.912857881458507	0.017951943740531	0.0605523965568348	-0.00742696412164042	-0.998137389077856
0.495	0.593674881552686	0.195794908617223	0.344694514744239	-0.911021513868563	0.40822922859778	-0.058212526032589	0.407893842374109	0.912850439141176	0.0180745432320455	0.0605178867932412	-0.00727823317999466	-0.998140577624144
0.5	0.593668421139573	0.19578643223736	0.344661500373926	-0.911018745012107	0.408248714197258	-0.0581191327606623	0.407905192040397	0.91284290934999	0.0181982734327593	0.0604830599676754	-0.00712812778585974	-0.998143771834106
0.505	0.593661842189884	0.195777800331678	0.344627880251264	-0.911015947341912	0.40826836340947	-0.0580248836937375	0.407916649632995	0.912835291706297	0.0183231320377254	0.0604479167623746	-0.00697665066007423	-0.99814697099408
0.51	0.593655143866312	0.195769011801589	0.344593650097404	-0.911013120812583	0.408288175487623	-0.0579297804614124	0.407928215060743	0.91282758582813	0.0184491167415603	0.0604124578599145	-0.00682380452352011	-0.998150174386174
0.515	0.593648325338005	0.195760065556972	0.34455880566647	-0.911010265378116	0.408308149682424	-0.0578338246929136	0.407939888233202	0.912819791330234	0.0185762252384431	0.0603766839432074	-0.00666959209712812	-0.998153381288307
0.52	0.593641385780548	0.195750960516156	0.344523342745497	-0.911007380991911	0.408328285242099	-0.0577370180171039	0.407951669060652	0.912811907824099	0.0187044552221149	0.0603405956955008	-0.00651401610188316	-0.99815659097425
0.525	0.593634324375955	0.195741695605902	0.34448725715436	-0.911004467606773	0.408348581412414	-0.057639362062489	0.40796355745408	0.91280393491799	0.0188338043858782	0.060304193800375	-0.00635707925882973	-0.998159802713666
0.53	0.593627140312652	0.195732269761386	0.344450544745713	-0.911001525174917	0.408369037436704	-0.0575408584572249	0.407975553325174	0.91279587221698	0.0189642704225961	0.0602674789417414	-0.00619878428907718	-0.998163015772146
0.535	0.593619832785468	0.195722681926184	0.344413201404922	-0.910998553647981	0.408389652555891	-0.0574415088291251	0.407987656586315	0.912787719322981	0.019095851024692	0.060230451803841	-0.00603913391380523	-0.998166229411253
0.54	0.593612400995618	0.19571293105225	0.344375223049994	-0.910995552977021	0.408410426008508	-0.0573413148056676	0.407999867150574	0.912779475834776	0.0192285438841481	0.0601931130712423	-0.00587813085426926	-0.998169442888558
0.545	0.593604844150695	0.195703016099906	0.344336605631519	-0.910992523112524	0.408431357030722	-0.0572402780140019	0.408012184931699	0.912771141348049	0.0193623466925055	0.0601554634288395	-0.00571577783180574	-0.998172655457682
0.55	0.59359716146465	0.195692936037821	0.344297345132595	-0.910989464004416	0.408452444856358	-0.0571384000809566	0.408024609844111	0.912762715455416	0.0194972571408634	0.0601175035618506	-0.00555207756783758	-0.998175866368333
0.555	0.593589352157788	0.195682689842992	0.34425743756877	-0.91098637560206	0.40847368871692	-0.057035682633046	0.408037141802895	0.912754197746457	0.0196332729198778	0.0600792341558159	-0.00538703278387954	-0.998179074866348
0.56	0.593581415456746	0.195672276500733	0.344216878987971	-0.910983257854265	0.408495087841614	-0.0569321272964776	0.408049780723794	0.912745587807748	0.0197703917197614	0.060040655896596	-0.00522064620154359	-0.998182280193726
0.565	0.593573350594489	0.195661695004652	0.344175665470439	-0.910980110709298	0.408516641457371	-0.0568277356971589	0.408062526523205	0.912736885222889	0.0199086112302827	0.0600017694703699	-0.00505292054254424	-0.998185481588675
0.57	0.593565156810287	0.195650944356639	0.344133793128663	-0.910976934114879	0.408538348788871	-0.0567225094607045	0.408075379118163	0.912728089572538	0.0200479291407651	0.0599625755636335	-0.00488385852870401	-0.998188678285648
0.575	0.593556833349713	0.195640023566844	0.344091258107316	-0.910973728018195	0.408560209058562	-0.0566164502124434	0.408088338426343	0.912719200434441	0.0201883431400865	0.0599230748631974	-0.00471346288195869	-0.998191869515376
0.58	0.593548379464622	0.195628931653665	0.344048056583185	-0.9109704923659	0.408582221486685	-0.0565095595774261	0.408101404366048	0.912710217383461	0.0203298509166781	0.0598832680561857	-0.00454173632436279	-0.998195054504915
0.585	0.593539794413139	0.195617667643727	0.344004184765108	-0.910967227104129	0.408604385291298	-0.0564018391804311	0.408114576856203	0.912701139991613	0.0204724501585243	0.0598431558300337	-0.00436868157809484	-0.998198232477684
0.59	0.593531077459651	0.195606230571869	0.343959638893905	-0.910963932178492	0.408626699688295	-0.0562932906459727	0.408127855816347	0.912691967828088	0.0206161385531614	0.0598027388724863	-0.00419430136546274	-0.998201402653495
0.595	0.59352222787479	0.195594619481123	0.343914415242317	-0.91096060753409	0.408649163891428	-0.0561839155983075	0.408141241166629	0.912682700459291	0.0207609137876771	0.0597620178715965	-0.00401859840890916	-0.998204564248603
0.6	0.593513244935419	0.195582833422699	0.343868510114935	-0.910957253115517	0.408671777112335	-0.0560737156614417	0.408154732827796	0.912673337448867	0.0209067735487096	0.0597209935157232	-0.00384157543101685	-0.998207716475737
0.605	0.593504127924622	0.195570871455969	0.343821919848134	-0.910953868866859	0.408694538560555	-0.0559626924591379	0.408168330721189	0.912663878357732	0.0210537155224473	0.0596796664935296	-0.00366323515451395	-0.998210858544137
0.61	0.593494876131692	0.195558732648448	0.343774640810012	-0.910950454731716	0.408717447443555	-0.0558508476149222	0.408182034768738	0.912654322744106	0.0212017373946275	0.0596380374939818	-0.00348358030227934	-0.998213989659605
0.615	0.593485488852113	0.195546416075778	0.343726669400318	-0.910947010653189	0.408740502966752	-0.0557381827520914	0.408195844892949	0.912644670163538	0.0213508368505358	0.0595961072063465	-0.00330261359734801	-0.998217109024523
0.62	0.593475965387553	0.195533920821712	0.343678002050388	-0.9109435365739	0.408763704333531	-0.0556246994937195	0.408209761016902	0.912634920168944	0.0215010115750056	0.0595538763201896	-0.00312033776291628	-0.998220215837911
0.625	0.593466305045845	0.195521245978094	0.343628635223082	-0.910940032435987	0.408787050745273	-0.0555103994626652	0.408223783064243	0.912625072310631	0.0216522592524172	0.0595113455253745	-0.00293675552234718	-0.998223309295451
0.63	0.593456507140981	0.195508390644846	0.343578565412712	-0.91093649818112	0.408810541401371	-0.0553952842815784	0.408237910959175	0.912615126136328	0.0218045775666969	0.05946851551206	-0.0027518695991757	-0.998226388589533
0.635	0.593446570993093	0.195495353929949	0.343527789144982	-0.910932933750497	0.408834175499259	-0.0552793555729074	0.408252144626452	0.912605081191222	0.0219579642013165	0.0594253869706991	-0.00256568271711409	-0.998229452909289
0.64	0.593436495928442	0.195482134949424	0.343476302976916	-0.910929339084853	0.408857952234426	-0.0551626149589058	0.408266483991374	0.912594937017978	0.0221124168392922	0.0593819605920367	-0.00237819760005719	-0.998232501440631
0.645	0.593426281279407	0.195468732827321	0.343424103496798	-0.910925714124472	0.408881870800445	-0.0550450640616394	0.408280928979776	0.912584693156778	0.0222679331631845	0.0593382370671085	-0.00218941697208761	-0.998235533366294
0.65	0.59341592638447	0.195455146695694	0.343371187324101	-0.910922058809181	0.408905930388989	-0.0549267045029928	0.408295479518027	0.912574349145347	0.0224245108550965	0.0592942170872387	-0.00199934355748105	-0.998238547865865
0.655	0.593405430588205	0.195441375694591	0.343317551109424	-0.910918373078364	0.408930130189858	-0.0548075379046768	0.408310135533015	0.912563904518984	0.0225821475966742	0.0592499013440387	-0.00180798008071152	-0.998241544115826
0.66	0.593394793241261	0.195427418972033	0.343263191534423	-0.910914656870965	0.408954469390998	-0.0546875658882351	0.408324896952147	0.912553358810589	0.0227408410691048	0.0592052905294051	-0.0016153292664566	-0.998244521289594
0.665	0.593384013700354	0.195413275684	0.343208105311748	-0.910910910125493	0.408978947178522	-0.0545667900750506	0.40833976370334	0.912542711550698	0.0229005889531167	0.0591603853355181	-0.00142139383960264	-0.99824747855755
0.67	0.59337309132825	0.195398944994409	0.343152289184975	-0.910907132780028	0.409003562736733	-0.0544452120863533	0.408354735715013	0.912531962267508	0.0230613889289782	0.0591151864548401	-0.00122617652525001	-0.998250415087085
0.675	0.593362025493756	0.195384426075104	0.343095739928542	-0.910903324772228	0.409028315248146	-0.0543228335432262	0.408369812916079	0.912521110486909	0.0232232386764973	0.0590696945801135	-0.00102968004871824	-0.998253330042635
0.68	0.593350815571705	0.195369718105834	0.343038454347678	-0.91089948603933	0.409053203893509	-0.0541996560666124	0.408384995235944	0.912510155732512	0.0233861358750204	0.0590239104043591	-0.000831907135551266	-0.998256222585713
0.685	0.59333946094294	0.195354820274236	0.342980429278344	-0.910895616518164	0.409078227851824	-0.0540756812773222	0.408400282604491	0.912499097525682	0.023550078203432	0.0589778346208747	-0.000632860511522591	-0.998259091874954
0.69	0.593327960994307	0.195339731775822	0.342921661587161	-0.910891716145146	0.40910338630037	-0.0539509107960393	0.408415674952083	0.912487935385563	0.0237150633401538	0.0589314679232333	-0.000432542902640436	-0.998261937066145
0.695	0.593316315118639	0.195324451813958	0.342862148171347	-0.910887784856295	0.409128678414723	-0.0538253462433281	0.408431172209547	0.91247666882911	0.023881088963144	0.058884811005281	-0.000230957035152879	-0.998264757312268
0.7	0.593304522714742	0.195308979599848	0.34280188595865	-0.910883822587235	0.409154103368779	-0.0536989892396403	0.408446774308176	0.912465297371119	0.0240481527498965	0.0588378645611362	-2.81056355530378e-05	-0.998267551763534
0.705	0.593292583187384	0.195293314352519	0.34274087190728	-0.910879829273195	0.409179660334771	-0.0535718414053212	0.408462481179713	0.912453820524253	0.0242162523774404	0.0587906292851869	0.000176008569415876	-0.998270319567419
0.71	0.593280495947282	0.195277455298802	0.342679103005849	-0.910875804849024	0.409205348483299	-0.0534439043606172	0.408478292756353	0.912442237799074	0.0243853855223389	0.0587431058720895	0.000381382852755409	-0.998273059868702
0.715	0.593268260411088	0.195261401673316	0.342616576273297	-0.910871749249186	0.40923116698334	-0.0533151797256818	0.408494208970731	0.912430548704073	0.0245555498606891	0.0586952950167675	0.000588014487206795	-0.998275771809502
0.72	0.593255876001376	0.195245152718449	0.342553288758832	-0.910867662407776	0.409257115002281	-0.0531856691205825	0.408510229755914	0.912418752745697	0.024726743068121	0.0586471974144091	0.00079590074524586	-0.998278454529316
0.725	0.59324334214663	0.195228707684346	0.342489237541861	-0.910863544258516	0.40928319170593	-0.0530553741653077	0.4085263550454	0.912406849428377	0.0248989628197967	0.0585988137604659	0.001005038899078	-0.99828110716505
0.73	0.593230658281231	0.195212065828885	0.342424419731924	-0.910859394734767	0.409309396258545	-0.0529242964797731	0.408542584773107	0.912394838254562	0.0250722067904101	0.0585501447506512	0.00121542622063309	-0.998283728851062
0.735	0.593217823845444	0.195195226417666	0.342358832468628	-0.910855213769532	0.409335727822848	-0.0527924376838283	0.408558918873366	0.91238271872474	0.0252464726541857	0.0585011910809385	0.00142705998156053	-0.998286318719195
0.74	0.593204838285403	0.195178188723991	0.342292472921583	-0.910851001295457	0.409362185560054	-0.0526597993972635	0.408575357280916	0.912370490337476	0.0254217580848785	0.0584519534475593	0.00163993745322416	-0.998288875898813
0.745	0.593191701053102	0.195160952028849	0.342225338290335	-0.910846757244846	0.409388768629883	-0.0525263832398161	0.408591899930898	0.912358152589433	0.0255980607557729	0.058402432547002	0.00185405590669732	-0.998291399516838
0.75	0.59317841160638	0.195143515620896	0.342157425804295	-0.910842481549659	0.409415476190591	-0.0523921908311773	0.408608546758846	0.912345704975406	0.0257753783396821	0.05835262907601	0.00206941261275791	-0.99829388869779
0.755	0.593164969408906	0.195125878796442	0.342088732722683	-0.910838174141519	0.409442307398981	-0.0522572237909984	0.408625297700682	0.912333146988347	0.0259537085089478	0.05830254373158	0.00228600484188332	-0.998296342563815
0.76	0.59315137393017	0.19510804085943	0.342019256334451	-0.910833834951717	0.409469261410432	-0.0521214837388978	0.408642152692709	0.912320478119398	0.0261330489354391	0.0582521772109605	0.00250382986424562	-0.998298760234728
0.765	0.593137624645467	0.195090001121422	0.341948993958224	-0.910829463911219	0.409496337378914	-0.051984972294467	0.408659111671604	0.912307697857913	0.026313397290552	0.0582015302116499	0.00272288494970657	-0.998301140828044
0.77	0.593123721035885	0.195071758901581	0.341877942942233	-0.910825060950669	0.409523534457013	-0.0518476910772776	0.40867617457441	0.912294805691494	0.0264947512452091	0.0581506034313949	0.00294316736781277	-0.998303483459018
0.775	0.593109662588295	0.195053313526654	0.341806100664247	-0.910820626000399	0.40955085179595	-0.0517096417068872	0.408693341338535	0.912281801106013	0.0266771084698584	0.0580993975681892	0.00316467438779074	-0.99830578724068
0.78	0.593095448795332	0.195034664330955	0.341733464531506	-0.910816158990424	0.409578288545601	-0.0515708258028465	0.408710611901738	0.912268683585645	0.0268604666344733	0.0580479133202712	0.00338740327854211	-0.998308051283866
0.785	0.593081079155387	0.195015810656347	0.34166003198066	-0.910811659850461	0.409605843854518	-0.0514312449847051	0.408727986202127	0.912255452612893	0.0270448234085516	0.0579961513861229	0.00361135130863872	-0.998310274697263
0.79	0.593066553172592	0.194996751852229	0.341585800477696	-0.910807128509924	0.409633516869951	-0.0512909008720185	0.408745464178151	0.912242107668619	0.0272301764611149	0.0579441124644682	0.00383651574631789	-0.998312456587433
0.795	0.593051870356808	0.194977487275513	0.341510767517878	-0.910802564897932	0.409661306737867	-0.0511497950843539	0.408763045768595	0.91222864823207	0.0274165234607084	0.0578917972542708	0.00406289385947755	-0.998314596058856
0.8	0.593037030223612	0.194958016290612	0.341434930625678	-0.910797968943317	0.409689212602972	-0.0510079292412973	0.40878073091257	0.912215073780908	0.0276038620753999	0.0578392064547329	0.0042904829156715	-0.998316692213967
0.805	0.593022032294283	0.19493833826942	0.34135828735471	-0.910793340574626	0.409717233608731	-0.050865304962459	0.408798519549512	0.912201383791235	0.0277921899727794	0.0577863407652938	0.00451928018210466	-0.998318744153186
0.81	0.593006876095791	0.194918452591299	0.341280835287663	-0.910788679720124	0.409745368897386	-0.0507219238674807	0.408816411619168	0.912187577737626	0.0279815048199587	0.0577332008856274	0.00474928292562832	-0.998320750974952
0.815	0.592991561160779	0.194898358643056	0.341202572036239	-0.910783986307809	0.409773617609982	-0.0505777875760414	0.408834407061599	0.912173655093151	0.0281718042835707	0.0576797875156418	0.00498048841273549	-0.998322711775768
0.82	0.59297608702756	0.19487805581893	0.341123495241081	-0.910779260265404	0.40980197888638	-0.0504328977078636	0.408852505817163	0.912159615329408	0.0283630860297688	0.0576261013554762	0.00521289390955613	-0.998324625650223
0.825	0.592960453240093	0.194857543520577	0.341043602571712	-0.910774501520372	0.409830451865285	-0.05028725588272	0.408870707826518	0.912145457916549	0.0285553477242268	0.0575721431055005	0.00544649668185256	-0.998326491691037
0.83	0.592944659347978	0.194836821157048	0.340962891726467	-0.910769709999919	0.409859035684261	-0.0501408637204394	0.408889013030609	0.912131182323305	0.0287485870321377	0.0575179134663131	0.00568129399501477	-0.998328308989094
0.835	0.592928704906437	0.194815888144774	0.340881360432426	-0.910764885630996	0.409887729479752	-0.0499937228409129	0.408907421370666	0.912116788017018	0.028942801618214	0.0574634131387391	0.00591728311405586	-0.998330076633473
0.84	0.592912589476308	0.194794743907551	0.340799006445348	-0.910760028340305	0.409916532387105	-0.0498458348641003	0.408925932788193	0.912102274463667	0.0291379891466867	0.0574086428238291	0.0061544613036074	-0.998331793711484
0.845	0.592896312624026	0.194773387876521	0.340715827549607	-0.910755138054309	0.409945443540586	-0.0496972014100363	0.408944547224966	0.912087641127894	0.0293341472813048	0.0573536032228572	0.00639282582791491	-0.998333459308707
0.85	0.592879873921613	0.194751819490155	0.340631821558125	-0.910750214699231	0.409974462073404	-0.0495478240988363	0.408963264623026	0.912072887473035	0.0295312736853352	0.0572982950373194	0.00663237395083325	-0.998335072509022
0.855	0.592863272946663	0.194730038194237	0.340546986312304	-0.91074525820106	0.41000358711773	-0.049397704550703	0.408982084924668	0.912058012961143	0.0297293660215622	0.0572427189689322	0.0068731029358222	-0.998336632394643
0.86	0.592846509282332	0.194708043441848	0.340461319681962	-0.910740268485562	0.410032817804714	-0.0492468443859322	0.409001008072441	0.912043017053018	0.0299284219522867	0.0571868757196307	0.00711501004594186	-0.99833813804616
0.865	0.592829582517324	0.194685834693345	0.340374819565267	-0.910735245478278	0.41006215326451	-0.049095245224919	0.40902003400914	0.912027899208237	0.0301284391393263	0.057130765991567	0.00735809254384828	-0.998339588542563
0.87	0.592812492245876	0.194663411416349	0.340287483888669	-0.910730189104531	0.410091592626291	-0.0489429086881639	0.409039162677794	0.912012658885174	0.0303294152440146	0.0570743904871087	0.00760234769178896	-0.998340982961282
